73
116.324 35.3681 126.027
116.343 35.3141 126.052
116.372 35.213 126.027
116.41 35.1142 126.105
116.443 35.0235 126.16
116.485 34.9086 126.229
116.538 34.7636 126.317
116.604 34.5818 126.426
116.685 34.3578 126.557
116.781 34.094 126.733
116.898 33.7692 126.944
117.039 33.3723 127.188
117.2 32.9223 127.492
117.379 32.4372 127.886
117.58 31.8825 128.345
117.81 31.2575 128.91
118.074 30.5255 129.572
118.374 29.6755 130.353
118.714 28.7154 131.289
119.083 27.6894 132.329
119.448 26.6589 133.441
119.793 25.6584 134.534
120.114 24.7537 135.669
120.42 23.8515 136.757
120.709 23.0314 137.875
120.999 22.263 138.988
121.27 21.5266 140.096
121.531 20.8236 141.198
121.779 20.1834 142.317
122.019 19.5543 143.42
122.251 18.961 144.524
122.487 18.4322 145.643
122.719 17.8915 146.738
122.939 17.4105 147.851
123.155 16.9487 148.958
123.367 16.5075 150.064
123.57 16.0853 151.168
123.786 15.7056 152.275
123.998 15.3441 153.38
124.205 14.9945 154.481
124.408 14.6816 155.587
124.606 14.3923 156.694
124.801 14.0913 157.79
125.001 13.8859 158.901
125.203 13.6693 160.001
125.399 13.4823 161.102
125.59 13.3435 162.206
125.778 13.2349 163.31
125.964 13.1384 164.412
126.145 13.0881 165.51
126.318 13.0703 166.596
126.485 13.0707 167.655
126.642 13.123 168.676
126.786 13.21 169.648
126.925 13.2796 170.566
127.039 13.4156 171.415
127.151 13.5148 172.202
127.236 13.6541 172.914
127.318 13.76 173.559
127.385 13.8922 174.128
127.446 13.9934 174.633
127.497 14.1049 175.069
127.541 14.2023 175.445
127.579 14.2813 175.767
127.609 14.3574 176.036
127.634 14.4196 176.262
127.655 14.4708 176.448
127.673 14.5108 176.601
127.687 14.5427 176.728
127.695 14.5893 176.826
127.707 14.6331 176.952
127.691 14.7583 176.928
127.692 14.7941 176.966

73
125.072 36.4197 125.567
125.089 36.3697 125.592
125.115 36.2737 125.563
125.148 36.1875 125.64
125.175 36.1107 125.691
125.21 36.013 125.756
125.254 35.8891 125.838
125.309 35.7329 125.942
125.378 35.5379 126.07
125.461 35.3001 126.233
125.562 35.0122 126.43
125.68 34.6741 126.675
125.817 34.2835 126.974
125.974 33.8461 127.356
126.158 33.3265 127.803
126.371 32.7177 128.334
126.613 32.0443 129.003
126.889 31.2446 129.769
127.199 30.3375 130.694
127.542 29.3546 131.732
127.89 28.3639 132.853
128.221 27.4012 133.982
128.535 26.4918 135.116
128.831 25.6306 136.249
129.11 24.8105 137.379
129.385 24.0456 138.511
129.652 23.3327 139.648
129.905 22.6436 140.775
130.146 21.9964 141.906
130.379 21.3978 143.043
130.602 20.8129 144.169
130.831 20.2752 145.301
131.054 19.7624 146.429
131.27 19.2885 147.563
131.48 18.8162 148.686
131.683 18.4018 149.821
131.879 17.9973 150.949
132.085 17.621 152.078
132.29 17.255 153.202
132.488 16.9376 154.333
132.684 16.6321 155.46
132.876 16.3483 156.586
133.059 16.0966 157.714
133.254 15.8737 158.841
133.443 15.6731 159.966
133.632 15.5049 161.092
133.813 15.3779 162.219
133.991 15.2797 163.346
134.168 15.1865 164.471
134.338 15.1529 165.593
134.502 15.1396 166.701
134.661 15.1431 167.782
134.809 15.1981 168.822
134.945 15.285 169.812
135.075 15.3606 170.744
135.18 15.4824 171.608
135.283 15.5747 172.406
135.362 15.7124 173.126
135.437 15.8202 173.776
135.499 15.9404 174.35
135.556 16.0332 174.857
135.602 16.139 175.293
135.642 16.2278 175.669
135.676 16.2997 175.989
135.703 16.3724 176.256
135.725 16.4303 176.479
135.744 16.4779 176.662
135.76 16.5133 176.813
135.772 16.5477 176.935
135.779 16.59 177.032
135.792 16.636 177.151
135.773 16.7534 177.131
135.774 16.788 177.167

73
133.819 37.4783 125.175
133.834 37.4315 125.195
133.856 37.3441 125.175
133.887 37.2584 125.237
133.91 37.1901 125.291
133.94 37.1028 125.353
133.979 36.9907 125.434
134.028 36.8474 125.536
134.09 36.6655 125.666
134.167 36.4383 125.828
134.261 36.1612 126.033
134.371 35.8308 126.275
134.498 35.4777 126.616
134.648 35.0455 127.013
134.83 34.5197 127.499
135.043 33.8882 128.082
135.29 33.1686 128.811
135.571 32.3322 129.686
135.885 31.3996 130.69
136.21 30.4393 131.786
136.531 29.5016 132.908
136.831 28.6087 134.029
137.116 27.7668 135.154
137.389 26.964 136.275
137.644 26.2044 137.399
137.901 25.4839 138.519
138.145 24.8031 139.638
138.379 24.177 140.766
138.605 23.5693 141.885
138.823 22.9948 143.006
139.029 22.449 144.126
139.241 21.9438 145.249
139.448 21.4612 146.368
139.649 21.0044 147.488
139.846 20.5748 148.608
140.036 20.1683 149.727
140.218 19.7892 150.849
140.409 19.4283 151.966
140.599 19.0969 153.085
140.786 18.7881 154.204
140.967 18.4924 155.32
141.143 18.2305 156.438
141.315 18.0003 157.558
141.491 17.793 158.676
141.67 17.5955 159.791
141.843 17.4439 160.908
142.011 17.3192 162.026
142.175 17.2238 163.144
142.341 17.1344 164.259
142.496 17.1068 165.377
142.649 17.0905 166.489
142.799 17.0773 167.586
142.937 17.1421 168.653
143.068 17.2087 169.676
143.193 17.2959 170.644
143.295 17.4059 171.548
143.394 17.4927 172.386
143.47 17.6268 173.143
143.541 17.7326 173.828
143.6 17.8509 174.432
143.654 17.9444 174.965
143.698 18.0437 175.423
143.737 18.1298 175.816
143.77 18.1975 176.149
143.794 18.2702 176.425
143.815 18.3268 176.654
143.832 18.3731 176.841
143.847 18.4059 176.993
143.857 18.4424 177.114
143.864 18.4823 177.211
143.874 18.5299 177.325
143.855 18.6414 177.307
143.855 18.6751 177.341

73
142.536 38.6452 124.858
142.549 38.6032 124.876
142.568 38.5249 124.861
142.595 38.4439 124.914
142.617 38.3806 124.967
142.644 38.2991 125.026
142.679 38.1928 125.104
142.724 38.0548 125.206
142.782 37.877 125.336
142.856 37.6507 125.498
142.946 37.3767 125.714
143.057 37.0377 125.968
143.181 36.6634 126.32
143.332 36.216 126.75
143.515 35.6742 127.284
143.732 35.0129 127.933
143.986 34.2421 128.745
144.272 33.3701 129.713
144.574 32.4389 130.775
144.875 31.5318 131.896
145.168 30.6472 132.996
145.441 29.8226 134.112
145.701 29.0404 135.228
145.952 28.2757 136.33
146.188 27.564 137.444
146.421 26.8924 138.555
146.65 26.2595 139.666
146.865 25.6552 140.777
147.075 25.0786 141.885
147.276 24.5381 142.996
147.466 24.0262 144.108
147.665 23.5394 145.216
147.859 23.0755 146.323
148.044 22.6473 147.434
148.226 22.2409 148.544
148.402 21.8515 149.652
148.574 21.4723 150.757
148.746 21.1427 151.869
148.925 20.8278 152.976
149.096 20.5348 154.084
149.263 20.2462 155.188
149.427 20.0092 156.298
149.586 19.7889 157.405
149.745 19.5939 158.513
149.909 19.41 159.617
150.066 19.267 160.725
150.221 19.1521 161.832
150.375 19.0453 162.937
150.522 18.9805 164.044
150.665 18.9393 165.151
150.807 18.9182 166.257
150.943 18.927 167.358
151.072 18.968 168.442
151.197 19.0177 169.494
151.312 19.1207 170.496
151.414 19.219 171.44
151.503 19.3171 172.316
151.579 19.4363 173.115
151.646 19.5463 173.837
151.703 19.6627 174.476
151.753 19.7622 175.037
151.796 19.8588 175.52
151.832 19.9452 175.932
151.863 20.0101 176.281
151.885 20.0861 176.567
151.904 20.1441 176.802
151.92 20.1909 176.993
151.933 20.223 177.148
151.941 20.2621 177.269
151.945 20.3006 177.365
151.953 20.3513 177.475
151.936 20.4581 177.458
151.936 20.4915 177.49

73
151.277 39.777 124.812
151.288 39.74 124.827
151.305 39.671 124.817
151.329 39.5948 124.861
151.348 39.535 124.912
151.373 39.4571 124.969
151.405 39.3538 125.045
151.448 39.2176 125.144
151.504 39.039 125.275
151.576 38.8072 125.44
151.667 38.5206 125.662
151.778 38.162 125.928
151.907 37.7599 126.295
152.058 37.2949 126.768
152.243 36.7251 127.354
152.467 36.0187 128.082
152.727 35.2 128.997
153.008 34.3048 130.029
153.292 33.4106 131.128
153.567 32.5574 132.224
153.83 31.7405 133.32
154.082 30.9545 134.41
154.318 30.2241 135.515
154.547 29.5015 136.599
154.764 28.8417 137.701
154.98 28.2095 138.795
155.188 27.6078 139.89
155.386 27.0342 140.984
155.581 26.4924 142.078
155.764 25.9854 143.176
155.94 25.4942 144.269
156.124 25.0338 145.363
156.302 24.5891 146.453
156.471 24.191 147.552
156.638 23.8 148.645
156.801 23.4302 149.739
156.961 23.0596 150.826
157.119 22.7505 151.925
157.281 22.4464 153.016
157.437 22.1654 154.109
157.592 21.8918 155.199
157.741 21.6643 156.293
157.884 21.4573 157.386
158.028 21.2673 158.478
158.181 21.1024 159.569
158.323 20.9553 160.66
158.463 20.8577 161.754
158.6 20.7604 162.844
158.733 20.6999 163.936
158.865 20.648 165.028
158.987 20.6416 166.12
159.11 20.6611 167.212
159.23 20.6915 168.297
159.344 20.7415 169.365
159.447 20.8468 170.394
159.546 20.9465 171.373
159.624 21.0659 172.287
159.697 21.18 173.127
159.759 21.296 173.887
159.813 21.4161 174.563
159.859 21.5316 175.154
159.898 21.6313 175.665
159.931 21.7188 176.099
159.96 21.7863 176.464
159.98 21.8597 176.762
159.998 21.9159 177.005
160.012 21.9609 177.2
160.024 21.9917 177.357
160.031 22.0303 177.476
160.037 22.0557 177.573
160.042 22.0943 177.677
160.027 22.1919 177.665
160.026 22.2194 177.694

73
160.027 40.89 124.911
160.037 40.8565 124.924
160.05 40.7939 124.916
160.073 40.7249 124.955
160.089 40.6703 125.001
160.11 40.6003 125.053
160.139 40.5071 125.121
160.176 40.3834 125.212
160.225 40.2204 125.332
160.289 40.0074 125.487
160.37 39.7369 125.693
160.472 39.3932 125.937
160.589 39.0123 126.286
160.727 38.5636 126.722
160.891 38.0368 127.29
161.095 37.3774 127.982
161.336 36.589 128.864
161.595 35.7295 129.891
161.866 34.8416 130.988
162.129 34 132.093
162.38 33.1879 133.191
162.619 32.4145 134.29
162.844 31.6908 135.397
163.061 30.9893 136.493
163.267 30.3331 137.597
163.472 29.7092 138.7
163.671 29.1035 139.794
163.858 28.5501 140.9
164.038 28.0174 141.999
164.215 27.5168 143.102
164.382 27.031 144.2
164.551 26.5807 145.302
164.719 26.1472 146.399
164.878 25.7515 147.502
165.035 25.3661 148.601
165.188 25.0002 149.7
165.333 24.6539 150.798
165.484 24.3395 151.899
165.633 24.0456 152.998
165.779 23.7644 154.095
165.922 23.5161 155.194
166.058 23.2907 156.293
166.191 23.0978 157.393
166.324 22.9076 158.49
166.458 22.7583 159.589
166.593 22.6218 160.686
166.717 22.5325 161.786
166.842 22.445 162.883
166.963 22.3926 163.981
167.081 22.3472 165.079
167.193 22.3569 166.178
167.301 22.3855 167.276
167.406 22.4254 168.368
167.508 22.4832 169.441
167.6 22.5973 170.475
167.686 22.707 171.458
167.752 22.8338 172.374
167.815 22.9542 173.215
167.87 23.0704 173.975
167.915 23.1959 174.648
167.952 23.315 175.236
167.985 23.4161 175.743
168.014 23.5023 176.172
168.037 23.5708 176.532
168.055 23.6435 176.825
168.069 23.699 177.064
168.081 23.7434 177.254
168.092 23.7732 177.406
168.096 23.8127 177.521
168.099 23.8364 177.616
168.107 23.8752 177.715
168.089 23.9693 177.703
168.088 23.9963 177.732

73
168.751 42.0197 124.834
168.76 41.9886 124.846
168.774 41.9319 124.837
168.791 41.8685 124.873
168.806 41.8192 124.912
168.824 41.7581 124.96
168.848 41.6763 125.021
168.88 41.5673 125.103
168.922 41.4227 125.212
168.977 41.2325 125.355
169.049 40.987 125.541
169.137 40.6777 125.779
169.245 40.3058 126.092
169.373 39.8671 126.487
169.518 39.3884 127.036
169.7 38.7751 127.694
169.921 38.0222 128.521
170.161 37.2102 129.533
170.414 36.3287 130.608
170.662 35.5013 131.731
170.902 34.6928 132.834
171.13 33.9324 133.948
171.348 33.2044 135.057
171.556 32.5142 136.165
171.75 31.8721 137.284
171.943 31.2414 138.388
172.13 30.6512 139.498
172.308 30.0962 140.609
172.482 29.5785 141.722
172.646 29.0711 142.829
172.805 28.5995 143.94
172.961 28.1513 145.049
173.117 27.7375 146.162
173.268 27.3321 147.269
173.415 26.9544 148.379
173.557 26.5892 149.486
173.693 26.2602 150.597
173.828 25.9467 151.706
173.97 25.6621 152.816
174.105 25.379 153.92
174.232 25.146 155.032
174.36 24.9285 156.14
174.48 24.7396 157.25
174.602 24.5575 158.357
174.724 24.4128 159.465
174.846 24.2882 160.573
174.958 24.2022 161.682
175.071 24.1238 162.789
175.179 24.076 163.898
175.285 24.0365 165.006
175.384 24.0592 166.114
175.479 24.0941 167.222
175.572 24.1413 168.324
175.662 24.2088 169.407
175.741 24.3293 170.449
175.815 24.4469 171.438
175.872 24.5797 172.358
175.925 24.7058 173.202
175.971 24.8245 173.964
176.007 24.9548 174.636
176.039 25.0761 175.222
176.066 25.1786 175.726
176.088 25.265 176.152
176.107 25.3349 176.507
176.121 25.4085 176.795
176.132 25.4645 177.029
176.141 25.5091 177.215
176.15 25.5375 177.364
176.152 25.5808 177.474
176.155 25.6063 177.566
176.157 25.6496 177.662
176.143 25.7419 177.648
176.141 25.77 177.675

73
177.471 43.1207 124.592
177.479 43.0889 124.604
177.491 43.0295 124.597
177.51 42.964 124.634
177.525 42.9144 124.678
177.543 42.8505 124.728
177.566 42.7654 124.794
177.598 42.6527 124.881
177.64 42.5043 124.995
177.694 42.3105 125.143
177.762 42.0649 125.337
177.848 41.7564 125.582
177.951 41.3904 125.904
178.071 40.9594 126.305
178.207 40.4989 126.863
178.376 39.9033 127.524
178.582 39.1732 128.344
178.8 38.4024 129.359
179.034 37.5499 130.423
179.262 36.759 131.548
179.488 35.9755 132.645
179.697 35.2474 133.76
179.898 34.5467 134.866
180.092 33.8846 135.974
180.27 33.261 137.088
180.449 32.6531 138.191
180.623 32.0848 139.299
180.787 31.5515 140.408
180.945 31.053 141.52
181.1 30.5633 142.624
181.245 30.1069 143.733
181.386 29.6787 144.842
181.529 29.2788 145.951
181.668 28.8903 147.058
181.803 28.5206 148.165
181.932 28.1703 149.271
182.055 27.8507 150.38
182.179 27.551 151.488
182.303 27.2698 152.595
182.428 27.005 153.7
182.546 26.768 154.807
182.656 26.5633 155.915
182.766 26.3758 157.022
182.874 26.2069 158.129
182.984 26.0639 159.235
183.089 25.9476 160.342
183.193 25.8616 161.449
183.288 25.7946 162.555
183.384 25.7494 163.662
183.477 25.7111 164.769
183.563 25.7459 165.875
183.645 25.7826 166.982
183.725 25.8294 168.083
183.801 25.9131 169.164
183.868 26.0279 170.207
183.93 26.1471 171.198
183.978 26.2888 172.121
184.023 26.4145 172.97
184.059 26.5433 173.737
184.089 26.6695 174.419
184.113 26.7963 175.013
184.135 26.9025 175.527
184.153 26.9946 175.962
184.17 27.0654 176.328
184.18 27.1433 176.626
184.188 27.2038 176.869
184.195 27.2519 177.063
184.202 27.284 177.219
184.204 27.3261 177.337
184.207 27.3588 177.433
184.206 27.4031 177.536
184.192 27.5016 177.522
184.189 27.5313 177.552

73
186.19 44.2128 124.364
186.199 44.1796 124.379
186.211 44.1158 124.367
186.23 44.0517 124.412
186.244 44.0008 124.457
186.262 43.9338 124.51
186.286 43.8452 124.58
186.318 43.7287 124.671
186.358 43.5764 124.791
186.411 43.3787 124.943
186.477 43.134 125.146
186.561 42.826 125.392
186.655 42.4735 125.725
186.766 42.0613 126.138
186.892 41.6101 126.693
187.051 41.0332 127.355
187.237 40.3342 128.181
187.442 39.5906 129.188
187.658 38.7717 130.253
187.866 38.0077 131.371
188.074 37.2564 132.468
188.268 36.5558 133.579
188.454 35.8794 134.68
188.63 35.2448 135.788
188.798 34.6407 136.896
188.962 34.0561 137.998
189.121 33.5051 139.101
189.271 32.9962 140.209
189.416 32.515 141.316
189.555 32.0488 142.42
189.691 31.6014 143.522
189.819 31.1928 144.63
189.947 30.8035 145.735
190.073 30.434 146.84
190.193 30.0751 147.943
190.313 29.739 149.047
190.425 29.4247 150.152
190.534 29.1391 151.258
190.647 28.8625 152.361
190.756 28.6087 153.465
190.861 28.3738 154.568
190.963 28.1765 155.674
191.06 27.9906 156.777
191.153 27.8327 157.882
191.248 27.6912 158.985
191.34 27.5852 160.09
191.429 27.4952 161.193
191.514 27.4386 162.298
191.597 27.3937 163.401
191.676 27.372 164.505
191.747 27.4012 165.609
191.817 27.4408 166.713
191.885 27.4879 167.812
191.945 27.5836 168.89
192 27.6928 169.933
192.052 27.8162 170.924
192.089 27.9605 171.848
192.127 28.0846 172.703
192.153 28.2241 173.473
192.178 28.3476 174.163
192.196 28.4785 174.765
192.212 28.587 175.287
192.225 28.6843 175.731
192.237 28.7602 176.106
192.244 28.8381 176.414
192.25 28.9038 176.665
192.254 28.9555 176.867
192.259 28.9922 177.03
192.261 29.0309 177.156
192.26 29.0704 177.255
192.262 29.1159 177.367
192.245 29.2218 177.352
192.242 29.2535 177.384

73
194.886 45.4098 124.19
194.895 45.3749 124.206
194.908 45.3073 124.192
194.928 45.2406 124.242
194.941 45.1867 124.29
194.96 45.116 124.345
194.984 45.0232 124.419
195.015 44.9019 124.515
195.056 44.7444 124.639
195.108 44.5415 124.794
195.172 44.2955 125.005
195.252 43.9845 125.248
195.339 43.6519 125.594
195.441 43.2594 126.013
195.56 42.814 126.559
195.703 42.2539 127.214
195.877 41.5927 128.033
196.064 40.8695 129.019
196.264 40.0815 130.08
196.458 39.3286 131.188
196.65 38.6064 132.29
196.831 37.9189 133.395
197.005 37.2526 134.491
197.169 36.6386 135.599
197.323 36.0505 136.703
197.473 35.479 137.802
197.62 34.9395 138.903
197.758 34.4429 140.008
197.89 33.9735 141.112
198.018 33.5226 142.215
198.142 33.0862 143.314
198.258 32.683 144.418
198.377 32.3008 145.52
198.489 31.9435 146.624
198.597 31.5941 147.724
198.701 31.2666 148.827
198.806 30.9523 149.926
198.901 30.6749 151.031
199.002 30.4023 152.131
199.098 30.1538 153.233
199.192 29.9215 154.334
199.281 29.7266 155.437
199.366 29.5398 156.538
199.448 29.389 157.64
199.529 29.2483 158.741
199.608 29.1453 159.843
199.684 29.0584 160.945
199.757 29.001 162.046
199.825 28.9545 163.148
199.89 28.9454 164.25
199.95 28.9692 165.351
200.008 29.0074 166.453
200.063 29.0613 167.549
200.11 29.1581 168.625
200.153 29.2638 169.668
200.192 29.3929 170.659
200.22 29.5358 171.586
200.249 29.6572 172.444
200.266 29.808 173.218
200.284 29.9311 173.915
200.296 30.0659 174.524
200.307 30.1753 175.055
200.315 30.2791 175.508
200.322 30.3607 175.891
200.326 30.4387 176.209
200.329 30.51 176.468
200.331 30.5656 176.678
200.333 30.6074 176.846
200.335 30.6415 176.982
200.333 30.6893 177.084
200.331 30.7353 177.204
200.314 30.8495 177.187
200.311 30.8831 177.221

73
203.548 46.766 124.086
203.557 46.7284 124.105
203.572 46.6551 124.087
203.59 46.5856 124.144
203.604 46.5283 124.193
203.623 46.4532 124.252
203.647 46.3552 124.329
203.679 46.228 124.429
203.72 46.0636 124.558
203.772 45.8535 124.716
203.834 45.6051 124.934
203.91 45.2902 125.177
203.993 44.9684 125.535
204.09 44.5837 125.959
204.202 44.1366 126.502
204.339 43.5817 127.155
204.5 42.9329 127.975
204.679 42.2133 128.951
204.865 41.4436 130.014
205.046 40.6865 131.109
205.227 39.9783 132.21
205.396 39.2998 133.31
205.559 38.6406 134.402
205.713 38.0273 135.503
205.855 37.4447 136.602
205.994 36.8845 137.698
206.129 36.3593 138.796
206.258 35.8598 139.892
206.379 35.3966 140.993
206.495 34.9531 142.09
206.605 34.5302 143.188
206.714 34.1259 144.284
206.818 33.7479 145.382
206.918 33.3951 146.481
207.017 33.055 147.577
207.111 32.7311 148.675
207.203 32.4201 149.77
207.287 32.1416 150.869
207.374 31.8734 151.965
207.459 31.6282 153.063
207.541 31.3963 154.158
207.617 31.1995 155.257
207.691 31.0143 156.353
207.76 30.8646 157.451
207.83 30.7232 158.547
207.897 30.6198 159.645
207.96 30.5347 160.742
208.017 30.4764 161.839
208.076 30.4249 162.935
208.126 30.4249 164.033
208.173 30.4446 165.13
208.218 30.4802 166.227
208.26 30.5393 167.319
208.294 30.6367 168.391
208.326 30.7422 169.431
208.353 30.8762 170.42
208.372 31.0175 171.348
208.39 31.1446 172.207
208.4 31.2986 172.985
208.41 31.426 173.686
208.414 31.5651 174.301
208.42 31.6759 174.84
208.422 31.7862 175.3
208.425 31.8748 175.691
208.426 31.9534 176.017
208.425 32.0307 176.283
208.424 32.0906 176.501
208.424 32.1384 176.675
208.425 32.166 176.82
208.42 32.2239 176.923
208.421 32.2709 177.054
208.4 32.3936 177.034
208.396 32.4296 177.071

73
212.202 48.1544 124.019
212.212 48.1134 124.041
212.231 48.0325 124.017
212.248 47.9607 124.082
212.262 47.9006 124.132
212.281 47.8223 124.194
212.305 47.7206 124.275
212.336 47.5892 124.378
212.376 47.4207 124.51
212.426 47.2094 124.673
212.486 46.9641 124.896
212.559 46.659 125.151
212.637 46.334 125.505
212.728 45.9525 125.936
212.835 45.5039 126.477
212.968 44.9496 127.128
213.117 44.3075 127.94
213.285 43.5949 128.907
213.462 42.8299 129.96
213.63 42.0767 131.051
213.801 41.3676 132.144
213.959 40.6992 133.241
214.111 40.0486 134.33
214.256 39.4311 135.423
214.392 38.8383 136.511
214.517 38.2927 137.607
214.64 37.776 138.702
214.758 37.2763 139.791
214.87 36.8115 140.884
214.975 36.3728 141.977
215.075 35.9615 143.072
215.174 35.5561 144.161
215.266 35.1808 145.253
215.356 34.8275 146.346
215.442 34.4961 147.439
215.525 34.1743 148.531
215.605 33.866 149.621
215.681 33.5823 150.713
215.753 33.3204 151.806
215.827 33.0776 152.898
215.897 32.845 153.988
215.962 32.644 155.081
216.025 32.4641 156.172
216.082 32.312 157.265
216.137 32.1681 158.356
216.193 32.064 159.448
216.242 31.9791 160.54
216.289 31.9205 161.632
216.335 31.8647 162.724
216.372 31.8702 163.816
216.407 31.8869 164.908
216.44 31.9192 166
216.466 31.9839 167.087
216.489 32.0801 168.155
216.51 32.1872 169.191
216.523 32.325 170.178
216.533 32.4642 171.105
216.541 32.5992 171.965
216.543 32.7533 172.746
216.544 32.8908 173.45
216.542 33.0302 174.071
216.542 33.1463 174.616
216.538 33.26 175.083
216.535 33.3563 175.481
216.533 33.4352 175.816
216.529 33.519 176.089
216.526 33.5836 176.313
216.524 33.6356 176.494
216.524 33.6662 176.644
216.518 33.7256 176.754
216.515 33.7746 176.892
216.493 33.9067 176.87
216.488 33.9451 176.91

73
220.811 49.7435 124
220.821 49.6989 124.026
220.843 49.6083 123.994
220.859 49.5351 124.069
220.874 49.4717 124.12
220.893 49.3894 124.184
220.918 49.2831 124.268
220.949 49.1466 124.375
220.989 48.9725 124.51
221.038 48.7591 124.68
221.096 48.5097 124.902
221.166 48.2088 125.166
221.239 47.8877 125.526
221.327 47.5035 125.96
221.433 47.0393 126.495
221.561 46.476 127.142
221.705 45.8338 127.953
221.866 45.1055 128.906
222.035 44.3262 129.948
222.197 43.568 131.039
222.362 42.8405 132.121
222.512 42.1629 133.215
222.656 41.5042 134.299
222.791 40.8807 135.388
222.922 40.2719 136.465
223.039 39.7264 137.56
223.153 39.1982 138.645
223.262 38.7012 139.733
223.366 38.2258 140.818
223.461 37.7832 141.906
223.552 37.3644 142.994
223.639 36.9611 144.079
223.724 36.5821 145.166
223.804 36.2203 146.251
223.878 35.887 147.34
223.952 35.5625 148.426
224.019 35.253 149.511
224.086 34.9575 150.596
224.148 34.6982 151.684
224.211 34.4503 152.77
224.27 34.216 153.856
224.325 34.0026 154.941
224.375 33.8235 156.028
224.422 33.6668 157.115
224.467 33.5188 158.2
224.509 33.4083 159.287
224.545 33.3194 160.374
224.58 33.2584 161.46
224.614 33.1972 162.546
224.64 33.2009 163.633
224.663 33.2147 164.719
224.684 33.2421 165.806
224.698 33.31 166.887
224.709 33.4036 167.951
224.716 33.5139 168.983
224.718 33.6548 169.966
224.718 33.7923 170.893
224.716 33.9374 171.753
224.708 34.0917 172.536
224.7 34.2387 173.243
224.691 34.3814 173.869
224.684 34.505 174.42
224.676 34.6224 174.894
224.669 34.7277 175.297
224.664 34.8078 175.641
224.655 34.899 175.92
224.649 34.9689 176.151
224.644 35.0255 176.338
224.642 35.061 176.494
224.635 35.1204 176.61
224.63 35.1726 176.757
224.607 35.3148 176.73
224.601 35.3561 176.773

73
229.265 52.0184 124.115
229.276 51.97 124.142
229.297 51.8736 124.109
229.316 51.7931 124.188
229.332 51.7215 124.241
229.354 51.629 124.309
229.381 51.5103 124.395
229.415 51.3587 124.506
229.459 51.1667 124.643
229.511 50.9358 124.822
229.574 50.6554 125.036
229.645 50.3415 125.318
229.723 49.9876 125.672
229.815 49.5724 126.111
229.927 49.0673 126.641
230.057 48.469 127.291
230.205 47.777 128.089
230.372 46.9928 129.029
230.544 46.1613 130.064
230.713 45.3416 131.147
230.877 44.5536 132.222
231.03 43.8218 133.308
231.173 43.1195 134.389
231.308 42.4444 135.464
231.433 41.8251 136.552
231.551 41.2212 137.628
231.664 40.6553 138.708
231.766 40.1277 139.79
231.863 39.6311 140.872
231.957 39.1546 141.952
232.042 38.6995 143.03
232.122 38.2864 144.114
232.2 37.8832 145.194
232.272 37.5002 146.274
232.342 37.1295 147.352
232.404 36.7928 148.435
232.466 36.4669 149.515
232.525 36.1526 150.593
232.58 35.8688 151.674
232.632 35.6017 152.754
232.681 35.3573 153.835
232.731 35.1065 154.91
232.769 34.9244 155.994
232.805 34.7482 157.074
232.84 34.5909 158.154
232.874 34.456 159.233
232.901 34.3557 160.314
232.924 34.2868 161.395
232.948 34.2047 162.474
232.961 34.204 163.555
232.973 34.211 164.635
232.983 34.2324 165.716
232.985 34.2952 166.791
232.983 34.3888 167.849
232.979 34.5031 168.877
232.968 34.6493 169.857
232.957 34.7899 170.783
232.944 34.9505 171.64
232.928 35.1103 172.426
232.911 35.2668 173.135
232.895 35.4185 173.766
232.879 35.5558 174.321
232.865 35.6816 174.801
232.852 35.7988 175.211
232.842 35.889 175.561
232.83 35.9861 175.847
232.82 36.0653 176.085
232.812 36.129 176.278
232.807 36.1721 176.438
232.799 36.2295 176.562
232.791 36.2938 176.713
232.768 36.4422 176.687
232.761 36.4879 176.732

73
237.78 54.0173 124.261
237.792 53.9656 124.287
237.814 53.8661 124.258
237.834 53.7758 124.339
237.852 53.6942 124.393
237.876 53.5894 124.464
237.905 53.4555 124.554
237.943 53.2853 124.668
237.99 53.0724 124.802
238.044 52.829 124.993
238.112 52.5282 125.211
238.187 52.1802 125.496
238.274 51.7722 125.834
238.366 51.3324 126.288
238.483 50.7935 126.806
238.611 50.1812 127.46
238.756 49.4679 128.246
238.921 48.6531 129.17
239.091 47.7902 130.193
239.259 46.933 131.265
239.422 46.116 132.334
239.571 45.3408 133.403
239.709 44.624 134.484
239.842 43.9206 135.548
239.962 43.2608 136.617
240.074 42.6564 137.696
240.177 42.0721 138.766
240.277 41.5195 139.838
240.368 40.9852 140.902
240.451 40.5208 141.984
240.529 40.0538 143.052
240.605 39.6112 144.122
240.671 39.2011 145.196
240.736 38.8043 146.266
240.797 38.4245 147.337
240.854 38.0644 148.406
240.904 37.7355 149.48
240.953 37.4186 150.551
240.999 37.1096 151.619
241.042 36.8332 152.691
241.081 36.5776 153.763
241.118 36.3312 154.832
241.15 36.1221 155.904
241.176 35.9319 156.975
241.2 35.7765 158.047
241.223 35.6185 159.116
241.239 35.5126 160.188
241.249 35.4357 161.26
241.264 35.3521 162.33
241.265 35.3409 163.402
241.265 35.3414 164.474
241.263 35.3576 165.545
241.253 35.4226 166.611
241.24 35.5137 167.662
241.223 35.6295 168.682
241.2 35.7812 169.655
241.179 35.9231 170.578
241.153 36.0993 171.431
241.128 36.2637 172.217
241.103 36.4294 172.926
241.08 36.5879 173.56
241.057 36.7409 174.117
241.037 36.8745 174.604
241.017 37.0028 175.018
241.002 37.1024 175.374
240.986 37.2054 175.668
240.972 37.2959 175.91
240.961 37.3679 176.109
240.953 37.4205 176.273
240.945 37.4736 176.407
240.932 37.5531 176.56
240.908 37.7063 176.535
240.9 37.7569 176.581

73
116.324 35.3681 126.027
116.309 35.4248 126.047
116.278 35.5245 126.034
116.249 35.6389 126.093
116.23 35.7214 126.149
116.215 35.7952 126.219
116.202 35.8656 126.303
116.21 35.8854 126.426
116.202 35.9611 126.565
116.245 35.8819 126.741
116.294 35.8 126.959
116.37 35.6426 127.219
116.478 35.4054 127.535
116.622 35.0654 127.899
116.792 34.6626 128.36
116.995 34.1791 128.916
117.235 33.6023 129.578
117.513 32.9221 130.368
117.837 32.1244 131.304
118.2 31.2442 132.339
118.564 30.3496 133.452
118.916 29.4608 134.551
119.251 28.6202 135.667
119.572 27.8021 136.777
119.883 27.0027 137.878
120.196 26.2545 138.99
120.49 25.5338 140.098
120.775 24.8422 141.206
121.049 24.1787 142.312
121.31 23.557 143.424
121.565 22.9574 144.532
121.826 22.3837 145.636
122.079 21.8418 146.744
122.322 21.3223 147.852
122.56 20.8208 148.959
122.795 20.3346 150.066
123.022 19.8587 151.173
123.262 19.3978 152.277
123.5 18.9451 153.381
123.732 18.5024 154.485
123.962 18.072 155.588
124.186 17.6574 156.692
124.404 17.2552 157.795
124.632 16.8776 158.897
124.858 16.5275 160
125.078 16.1928 161.1
125.293 15.8919 162.203
125.504 15.6212 163.307
125.711 15.3699 164.408
125.913 15.1582 165.507
126.105 14.9828 166.592
126.29 14.8341 167.651
126.464 14.7343 168.672
126.624 14.6814 169.646
126.777 14.6198 170.561
126.905 14.6282 171.415
127.029 14.6146 172.199
127.125 14.6528 172.914
127.216 14.6696 173.557
127.292 14.7211 174.128
127.36 14.7487 174.632
127.417 14.8044 175.068
127.467 14.8508 175.445
127.509 14.8902 175.765
127.545 14.9196 176.036
127.574 14.9448 176.262
127.598 14.9657 176.448
127.618 14.9863 176.6
127.634 15.0006 176.724
127.649 15.0031 176.835
127.671 14.9404 176.944
127.684 14.8284 176.932
127.692 14.7941 176.966

73
125.072 36.4197 125.567
125.058 36.4731 125.586
125.031 36.5671 125.573
125.005 36.6738 125.628
124.988 36.7491 125.68
124.975 36.8155 125.746
124.964 36.8796 125.826
124.971 36.8978 125.94
124.974 36.9318 126.074
125.001 36.9008 126.249
125.053 36.789 126.441
125.116 36.6642 126.7
125.207 36.4538 126.996
125.323 36.1851 127.368
125.468 35.8399 127.818
125.646 35.4039 128.355
125.859 34.8842 129.005
126.107 34.2668 129.782
126.392 33.5411 130.71
126.72 32.7226 131.744
127.058 31.8851 132.866
127.388 31.0474 133.993
127.706 30.2361 135.123
128.011 29.4563 136.257
128.302 28.6973 137.386
128.594 27.9751 138.518
128.879 27.2818 139.649
129.15 26.6153 140.779
129.41 25.9777 141.909
129.664 25.3766 143.042
129.905 24.7974 144.174
130.155 24.2381 145.3
130.396 23.7188 146.433
130.633 23.2164 147.563
130.861 22.7282 148.693
131.087 22.2542 149.821
131.305 21.8 150.953
131.533 21.3554 152.08
131.762 20.92 153.207
131.985 20.493 154.333
132.206 20.084 155.461
132.423 19.6858 156.588
132.632 19.2993 157.714
132.853 18.9404 158.84
133.066 18.6001 159.966
133.281 18.2773 161.09
133.487 17.9852 162.216
133.69 17.7198 163.343
133.889 17.4728 164.467
134.082 17.2704 165.59
134.267 17.0946 166.698
134.446 16.9419 167.777
134.613 16.8399 168.819
134.767 16.7802 169.81
134.913 16.7172 170.74
135.034 16.7078 171.608
135.15 16.6829 172.403
135.242 16.7166 173.126
135.327 16.7312 173.774
135.399 16.7697 174.35
135.465 16.7892 174.855
135.517 16.8352 175.293
135.563 16.8709 175.669
135.602 16.9005 175.988
135.635 16.9261 176.256
135.662 16.9472 176.479
135.684 16.9645 176.662
135.701 16.9826 176.811
135.716 16.9925 176.932
135.73 16.9932 177.039
135.755 16.9344 177.148
135.765 16.8218 177.133
135.774 16.788 177.167

73
133.819 37.4783 125.175
133.807 37.527 125.192
133.781 37.613 125.18
133.759 37.7112 125.231
133.744 37.7801 125.281
133.733 37.8408 125.344
133.724 37.8979 125.423
133.728 37.9209 125.534
133.741 37.9189 125.669
133.763 37.9015 125.845
133.813 37.7851 126.041
133.872 37.6635 126.31
133.96 37.4581 126.623
134.069 37.1999 127.022
134.208 36.8641 127.511
134.38 36.4318 128.104
134.591 35.8982 128.823
134.84 35.2582 129.698
135.125 34.5258 130.707
135.43 33.7395 131.798
135.738 32.9564 132.918
136.032 32.1957 134.041
136.318 31.4543 135.162
136.596 30.7329 136.282
136.858 30.0375 137.403
137.125 29.3745 138.526
137.383 28.7324 139.646
137.634 28.111 140.763
137.873 27.5294 141.888
138.106 26.97 143.01
138.328 26.4287 144.131
138.558 25.9064 145.246
138.78 25.4289 146.372
138.997 24.958 147.492
139.213 24.498 148.61
139.421 24.0581 149.73
139.622 23.6332 150.852
139.833 23.2166 151.97
140.045 22.8077 153.087
140.255 22.4125 154.205
140.459 22.0263 155.323
140.66 21.6485 156.44
140.858 21.2862 157.558
141.06 20.9432 158.675
141.262 20.6125 159.79
141.461 20.3112 160.907
141.654 20.0275 162.024
141.844 19.7597 163.14
142.034 19.5186 164.255
142.212 19.3245 165.375
142.388 19.1423 166.487
142.56 18.9629 167.58
142.719 18.8676 168.65
142.87 18.7795 169.673
143.013 18.7161 170.641
143.133 18.6898 171.548
143.248 18.6478 172.382
143.337 18.6704 173.143
143.422 18.671 173.826
143.492 18.7033 174.432
143.555 18.719 174.963
143.608 18.7521 175.423
143.653 18.7808 175.816
143.692 18.8031 176.148
143.723 18.8252 176.425
143.749 18.8428 176.654
143.77 18.857 176.841
143.786 18.8729 176.991
143.8 18.8794 177.112
143.813 18.8782 177.217
143.836 18.8191 177.324
143.846 18.7088 177.308
143.855 18.6751 177.341

73
142.536 38.6452 124.858
142.526 38.6882 124.875
142.503 38.765 124.863
142.485 38.8519 124.91
142.472 38.913 124.958
142.461 38.9685 125.017
142.456 39.0133 125.097
142.453 39.0549 125.205
142.479 39.0012 125.338
142.502 38.9708 125.517
142.554 38.8458 125.718
142.615 38.7113 125.994
142.695 38.5138 126.332
142.799 38.266 126.764
142.936 37.9308 127.299
143.109 37.4815 127.953
143.322 36.9232 128.762
143.572 36.2646 129.727
143.843 35.5414 130.794
144.124 34.8012 131.901
144.401 34.0798 133.011
144.667 33.3737 134.119
144.924 32.6939 135.232
145.175 32.0294 136.342
145.417 31.3769 137.448
145.657 30.7632 138.561
145.897 30.1693 139.67
146.123 29.5933 140.778
146.343 29.0464 141.888
146.557 28.5231 142.999
146.761 28.0159 144.108
146.972 27.534 145.217
147.179 27.0785 146.328
147.38 26.6324 147.437
147.578 26.1956 148.542
147.769 25.7887 149.655
147.957 25.3866 150.764
148.149 24.9914 151.871
148.347 24.6098 152.978
148.539 24.2382 154.085
148.727 23.8721 155.192
148.915 23.5155 156.298
149.1 23.1726 157.406
149.284 22.8417 158.512
149.473 22.526 159.616
149.654 22.2422 160.725
149.836 21.9663 161.831
150.016 21.6919 162.932
150.186 21.4766 164.042
150.353 21.273 165.149
150.519 21.0827 166.254
150.679 20.921 167.355
150.831 20.7956 168.439
150.977 20.684 169.489
151.114 20.6267 170.494
151.235 20.5775 171.438
151.342 20.5391 172.313
151.434 20.5346 173.114
151.516 20.5309 173.835
151.585 20.5519 174.475
151.646 20.5679 175.036
151.698 20.5915 175.52
151.742 20.6152 175.932
151.78 20.6321 176.279
151.809 20.6516 176.567
151.834 20.6664 176.802
151.854 20.6784 176.993
151.869 20.6929 177.145
151.882 20.6964 177.267
151.893 20.6929 177.371
151.915 20.6321 177.474
151.927 20.5252 177.458
151.936 20.4915 177.49

73
151.277 39.777 124.812
151.268 39.8142 124.827
151.249 39.8821 124.817
151.233 39.9589 124.86
151.221 40.0141 124.904
151.212 40.0644 124.96
151.208 40.1037 125.038
151.208 40.1327 125.147
151.232 40.0809 125.282
151.266 39.9989 125.45
151.315 39.8801 125.666
151.376 39.7308 125.949
151.454 39.5424 126.315
151.554 39.2968 126.784
151.689 38.9536 127.372
151.865 38.4819 128.105
152.082 37.8918 129.013
152.324 37.2282 130.048
152.578 36.5298 131.14
152.832 35.8467 132.234
153.08 35.1799 133.329
153.322 34.5219 134.42
153.554 33.8928 135.518
153.779 33.2748 136.613
154.001 32.6671 137.702
154.222 32.097 138.8
154.436 31.5449 139.895
154.643 31.0058 140.987
154.847 30.4911 142.08
155.04 30.0039 143.177
155.227 29.5293 144.271
155.422 29.0782 145.365
155.61 28.6446 146.459
155.794 28.2211 147.552
155.975 27.8126 148.645
156.152 27.4258 149.741
156.325 27.0412 150.834
156.503 26.6598 151.925
156.684 26.2965 153.019
156.86 25.9373 154.111
157.036 25.5825 155.202
157.209 25.2404 156.295
157.377 24.9059 157.387
157.548 24.5757 158.477
157.726 24.2749 159.569
157.893 23.989 160.661
158.061 23.7112 161.751
158.224 23.4498 162.841
158.383 23.2221 163.934
158.54 23.0059 165.025
158.689 22.8195 166.117
158.837 22.6587 167.209
158.983 22.5099 168.294
159.121 22.3852 169.36
159.248 22.3158 170.392
159.369 22.25 171.37
159.468 22.2187 172.285
159.559 22.1938 173.125
159.638 22.1833 173.885
159.706 22.1968 174.562
159.764 22.2233 175.154
159.814 22.2443 175.665
159.856 22.2646 176.099
159.893 22.2722 176.463
159.919 22.3081 176.762
159.94 22.3314 177.005
159.958 22.35 177.2
159.971 22.367 177.355
159.982 22.3776 177.475
159.991 22.3904 177.576
160.008 22.3464 177.678
160.02 22.2462 177.665
160.026 22.2194 177.694

73
160.027 40.89 124.911
160.02 40.9238 124.925
160.001 40.9847 124.915
159.988 41.0539 124.954
159.978 41.1043 124.993
159.97 41.1487 125.045
159.965 41.1858 125.115
159.966 41.2075 125.213
159.982 41.1789 125.345
160.018 41.0763 125.489
160.059 40.9727 125.694
160.111 40.8408 125.959
160.177 40.6751 126.302
160.26 40.4634 126.743
160.37 40.1787 127.31
160.526 39.7542 128.004
160.72 39.2076 128.884
160.938 38.5823 129.907
161.175 37.9115 131.003
161.413 37.2496 132.101
161.644 36.6034 133.201
161.869 35.9748 134.303
162.087 35.3595 135.403
162.3 34.7551 136.501
162.506 34.1735 137.601
162.712 33.6202 138.704
162.914 33.0788 139.803
163.111 32.5473 140.898
163.296 32.0607 142.004
163.481 31.5849 143.104
163.657 31.1215 144.202
163.836 30.6859 145.304
164.013 30.262 146.404
164.186 29.8476 147.501
164.354 29.4608 148.603
164.518 29.0821 149.703
164.678 28.7084 150.803
164.846 28.3428 151.901
165.013 27.9903 153
165.177 27.6412 154.099
165.342 27.2964 155.196
165.502 26.9618 156.295
165.661 26.634 157.394
165.821 26.3073 158.489
165.98 26.0171 159.589
166.141 25.7343 160.687
166.295 25.4594 161.783
166.447 25.2065 162.88
166.595 24.9796 163.979
166.74 24.7654 165.076
166.88 24.585 166.175
167.015 24.426 167.274
167.147 24.2792 168.365
167.275 24.1543 169.436
167.392 24.0858 170.473
167.502 24.0227 171.455
167.59 23.9932 172.372
167.673 23.9691 173.213
167.746 23.953 173.972
167.806 23.9692 174.647
167.856 23.9971 175.236
167.9 24.0176 175.743
167.938 24.0349 176.172
167.97 24.0424 176.531
167.993 24.0799 176.825
168.012 24.1037 177.064
168.027 24.1226 177.254
168.039 24.1399 177.404
168.047 24.1505 177.521
168.053 24.1632 177.618
168.072 24.1192 177.716
168.081 24.0225 177.703
168.088 23.9963 177.732

73
168.751 42.0197 124.834
168.744 42.051 124.846
168.73 42.1076 124.838
168.715 42.1715 124.871
168.707 42.2174 124.907
168.699 42.2604 124.952
168.694 42.2948 125.015
168.693 42.3182 125.103
168.705 42.3026 125.224
168.735 42.2119 125.357
168.771 42.1143 125.541
168.813 42.0056 125.789
168.868 41.8607 126.107
168.938 41.675 126.516
169.026 41.4532 127.059
169.16 41.0681 127.711
169.33 40.5731 128.548
169.528 39.9924 129.543
169.741 39.3569 130.632
169.963 38.7067 131.734
170.179 38.086 132.848
170.39 37.4746 133.958
170.596 36.873 135.067
170.8 36.2792 136.171
170.99 35.7239 137.286
171.181 35.1788 138.396
171.371 34.6452 139.503
171.554 34.1367 140.611
171.732 33.659 141.723
171.9 33.1962 142.834
172.066 32.7498 143.943
172.231 32.3222 145.053
172.397 31.9064 146.161
172.558 31.5057 147.269
172.714 31.1352 148.382
172.866 30.7675 149.491
173.016 30.4057 150.599
173.165 30.058 151.709
173.324 29.7163 152.817
173.475 29.3786 153.926
173.625 29.046 155.034
173.776 28.7198 156.142
173.922 28.3987 157.25
174.07 28.0839 158.356
174.218 27.7987 159.466
174.367 27.521 160.573
174.51 27.2494 161.679
174.65 27.0031 162.787
174.786 26.7769 163.895
174.92 26.5655 165.002
175.048 26.389 166.111
175.173 26.2299 167.22
175.294 26.0834 168.32
175.411 25.9592 169.401
175.517 25.8897 170.446
175.617 25.8272 171.435
175.698 25.7969 172.357
175.772 25.7725 173.201
175.837 25.7527 173.961
175.89 25.7705 174.635
175.934 25.797 175.222
175.973 25.8156 175.726
176.006 25.8301 176.152
176.034 25.839 176.506
176.053 25.8724 176.795
176.07 25.8937 177.029
176.083 25.9106 177.215
176.093 25.928 177.36
176.1 25.9342 177.474
176.106 25.9394 177.569
176.122 25.8907 177.662
176.134 25.7974 177.648
176.141 25.77 177.675

73
177.471 43.1207 124.592
177.464 43.1527 124.604
177.447 43.211 124.597
177.434 43.2773 124.632
177.425 43.3231 124.671
177.417 43.3648 124.72
177.413 43.3971 124.789
177.413 43.4146 124.883
177.429 43.3778 125.004
177.457 43.292 125.144
177.489 43.2012 125.338
177.528 43.098 125.593
177.578 42.961 125.918
177.642 42.7856 126.335
177.722 42.5785 126.885
177.846 42.2042 127.538
178.001 41.7366 128.374
178.178 41.1892 129.365
178.371 40.5878 130.448
178.573 39.9698 131.549
178.771 39.3819 132.661
178.964 38.7997 133.769
179.152 38.2261 134.875
179.34 37.6628 135.978
179.512 37.1341 137.091
179.687 36.6153 138.199
179.863 36.1055 139.303
180.028 35.6272 140.412
180.189 35.1707 141.521
180.348 34.7317 142.629
180.497 34.3092 143.737
180.645 33.9008 144.845
180.797 33.5025 145.95
180.943 33.1281 147.058
181.085 32.7732 148.168
181.222 32.4233 149.275
181.358 32.0799 150.382
181.494 31.7498 151.491
181.634 31.4226 152.597
181.775 31.0998 153.704
181.913 30.7822 154.81
182.046 30.4688 155.917
182.18 30.1585 157.023
182.314 29.8594 158.129
182.449 29.5789 159.236
182.582 29.3063 160.342
182.715 29.0448 161.447
182.84 28.8028 162.553
182.965 28.5767 163.659
183.085 28.3669 164.765
183.202 28.1962 165.873
183.315 28.0346 166.979
183.424 27.8841 168.078
183.53 27.7687 169.159
183.625 27.6893 170.204
183.714 27.6222 171.194
183.786 27.5945 172.12
183.855 27.5635 172.968
183.911 27.5487 173.735
183.959 27.5533 174.417
183.997 27.5802 175.013
184.032 27.5976 175.527
184.062 27.6135 175.962
184.087 27.6193 176.327
184.105 27.6484 176.626
184.119 27.6683 176.869
184.131 27.684 177.063
184.139 27.7006 177.216
184.147 27.7058 177.336
184.155 27.7099 177.437
184.168 27.659 177.536
184.183 27.5602 177.522
184.189 27.5313 177.552

73
186.19 44.2128 124.364
186.182 44.2468 124.378
186.165 44.3094 124.368
186.153 44.3776 124.409
186.143 44.4256 124.449
186.135 44.4666 124.503
186.131 44.4985 124.575
186.132 44.5127 124.675
186.149 44.4645 124.797
186.174 44.3851 124.945
186.204 44.3004 125.146
186.24 44.2017 125.407
186.285 44.0721 125.739
186.341 43.9075 126.162
186.413 43.7104 126.716
186.529 43.345 127.368
186.666 42.9022 128.206
186.83 42.3844 129.196
187.005 41.8115 130.276
187.186 41.2232 131.374
187.367 40.6661 132.483
187.542 40.1132 133.587
187.715 39.5669 134.691
187.883 39.0289 135.791
188.043 38.5267 136.9
188.202 38.0338 138.005
188.36 37.5507 139.106
188.51 37.098 140.212
188.657 36.6612 141.317
188.799 36.2416 142.422
188.936 35.843 143.528
189.07 35.4547 144.633
189.205 35.0745 145.735
189.337 34.7221 146.841
189.462 34.3817 147.946
189.589 34.0477 149.051
189.711 33.7217 150.155
189.833 33.4061 151.26
189.958 33.0936 152.364
190.083 32.7857 153.468
190.205 32.4828 154.572
190.329 32.1827 155.676
190.449 31.8829 156.778
190.567 31.5975 157.882
190.687 31.323 158.986
190.808 31.0558 160.089
190.925 30.8038 161.192
191.04 30.5656 162.296
191.152 30.3383 163.398
191.261 30.1381 164.502
191.363 29.9646 165.607
191.464 29.8019 166.711
191.563 29.6476 167.806
191.653 29.54 168.887
191.738 29.4517 169.929
191.818 29.3835 170.92
191.881 29.3529 171.848
191.942 29.3153 172.7
191.991 29.3069 173.472
192.034 29.3008 174.16
192.068 29.3266 174.764
192.098 29.3417 175.287
192.123 29.3586 175.731
192.145 29.3676 176.105
192.161 29.3882 176.413
192.173 29.4064 176.665
192.184 29.4201 176.867
192.191 29.4346 177.028
192.198 29.4411 177.154
192.203 29.4439 177.261
192.22 29.3898 177.367
192.235 29.2844 177.352
192.242 29.2535 177.384

73
194.886 45.4098 124.19
194.878 45.4459 124.204
194.861 45.5124 124.195
194.847 45.5857 124.237
194.837 45.6356 124.282
194.828 45.6795 124.338
194.823 45.7136 124.414
194.824 45.7259 124.518
194.839 45.6794 124.645
194.863 45.6016 124.798
194.889 45.5226 125.005
194.923 45.4256 125.27
194.963 45.3025 125.606
195.014 45.1468 126.032
195.081 44.9469 126.579
195.182 44.5997 127.229
195.309 44.1799 128.052
195.455 43.6874 129.029
195.614 43.1382 130.099
195.781 42.5707 131.195
195.946 42.0329 132.3
196.107 41.5006 133.403
196.265 40.9732 134.504
196.422 40.4512 135.6
196.567 39.9657 136.707
196.71 39.4897 137.808
196.853 39.0276 138.909
196.991 38.5898 140.012
197.124 38.1651 141.114
197.255 37.7563 142.214
197.378 37.3746 143.319
197.498 36.9991 144.421
197.623 36.6305 145.52
197.74 36.2912 146.625
197.853 35.9601 147.727
197.964 35.6364 148.829
198.077 35.3221 149.931
198.183 35.0152 151.033
198.296 34.712 152.134
198.406 34.4148 153.236
198.516 34.1203 154.338
198.626 33.8281 155.439
198.733 33.5366 156.539
198.839 33.2568 157.641
198.945 32.9855 158.742
199.053 32.7215 159.842
199.157 32.4749 160.944
199.26 32.2376 162.045
199.359 32.0069 163.144
199.453 31.8129 164.247
199.545 31.6358 165.349
199.635 31.4694 166.45
199.722 31.3181 167.544
199.8 31.2087 168.622
199.874 31.1142 169.664
199.941 31.0482 170.656
199.997 31.0117 171.585
200.05 30.9675 172.44
200.09 30.9664 173.218
200.128 30.9535 173.912
200.157 30.9781 174.524
200.183 30.9897 175.054
200.203 31.0092 175.508
200.22 31.0216 175.89
200.234 31.037 176.208
200.245 31.0528 176.468
200.254 31.0645 176.678
200.261 31.0764 176.845
200.266 31.0867 176.978
200.272 31.0855 177.09
200.286 31.0295 177.204
200.304 30.9161 177.187
200.311 30.8831 177.221

73
203.548 46.766 124.086
203.539 46.8051 124.102
203.521 46.8775 124.092
203.504 46.9564 124.138
203.493 47.0119 124.184
203.483 47.0602 124.244
203.477 47.0978 124.323
203.476 47.1159 124.431
203.49 47.0698 124.562
203.51 47.0025 124.724
203.534 46.9255 124.935
203.563 46.8274 125.204
203.601 46.7081 125.546
203.65 46.5494 125.977
203.716 46.3294 126.516
203.808 46.0023 127.174
203.924 45.5868 127.992
204.062 45.1004 128.963
204.21 44.5601 130.027
204.36 44.0051 131.121
204.515 43.4705 132.219
204.664 42.947 133.317
204.81 42.4287 134.414
204.956 41.9156 135.506
205.089 41.4349 136.607
205.221 40.965 137.703
205.353 40.5127 138.799
205.479 40.0843 139.898
205.601 39.6661 140.995
205.72 39.2587 142.09
205.83 38.8867 143.191
205.941 38.5191 144.288
206.05 38.1579 145.383
206.154 37.8227 146.482
206.259 37.4964 147.579
206.359 37.1786 148.676
206.457 36.8704 149.774
206.553 36.5679 150.871
206.651 36.2686 151.968
206.75 35.9747 153.065
206.847 35.6831 154.162
206.944 35.3932 155.259
207.04 35.1048 156.355
207.133 34.826 157.452
207.228 34.5544 158.548
207.323 34.29 159.644
207.415 34.0445 160.741
207.502 33.8064 161.838
207.592 33.5718 162.931
207.672 33.3812 164.031
207.752 33.2012 165.128
207.829 33.0311 166.224
207.902 32.8825 167.314
207.969 32.7724 168.388
208.032 32.6755 169.427
208.088 32.6119 170.417
208.135 32.571 171.346
208.178 32.5275 172.203
208.211 32.5287 172.984
208.243 32.5153 173.684
208.264 32.5401 174.301
208.285 32.5488 174.839
208.301 32.5719 175.3
208.314 32.5881 175.69
208.325 32.6023 176.015
208.334 32.6155 176.283
208.341 32.6259 176.501
208.347 32.6346 176.675
208.349 32.6531 176.814
208.355 32.6432 176.931
208.372 32.5856 177.052
208.389 32.4648 177.034
208.396 32.4296 177.071

73
212.202 48.1544 124.019
212.192 48.1979 124.036
212.175 48.2778 124.025
212.156 48.3655 124.074
212.142 48.4268 124.123
212.131 48.4821 124.184
212.123 48.5234 124.268
212.117 48.5571 124.378
212.131 48.5069 124.512
212.142 48.4719 124.686
212.165 48.3923 124.898
212.191 48.303 125.173
212.226 48.1805 125.518
212.271 48.0185 125.952
212.334 47.7895 126.491
212.423 47.4582 127.145
212.529 47.0487 127.957
212.656 46.5662 128.919
212.794 46.03 129.973
212.932 45.4784 131.062
213.078 44.9456 132.154
213.216 44.4242 133.247
213.352 43.9092 134.338
213.486 43.4046 135.427
213.611 42.9238 136.521
213.732 42.4548 137.612
213.853 42.0043 138.702
213.966 41.5838 139.797
214.078 41.1703 140.889
214.186 40.7633 141.977
214.287 40.3946 143.073
214.387 40.0313 144.165
214.483 39.6763 145.255
214.577 39.3429 146.348
214.669 39.0184 147.44
214.758 38.7024 148.532
214.845 38.3987 149.625
214.929 38.0982 150.717
215.014 37.8004 151.808
215.102 37.5076 152.9
215.187 37.2167 153.992
215.271 36.9272 155.083
215.357 36.64 156.174
215.438 36.3598 157.266
215.518 36.0861 158.357
215.602 35.8228 159.448
215.679 35.5758 160.54
215.757 35.3366 161.631
215.834 35.0975 162.719
215.903 34.9099 163.814
215.97 34.7272 164.906
216.035 34.5534 165.996
216.094 34.4074 167.082
216.149 34.296 168.152
216.201 34.1988 169.187
216.244 34.1374 170.175
216.282 34.0925 171.103
216.317 34.0527 171.962
216.342 34.0525 172.745
216.365 34.0459 173.448
216.381 34.0671 174.071
216.397 34.0771 174.615
216.407 34.101 175.083
216.416 34.1214 175.48
216.423 34.1377 175.814
216.431 34.1477 176.089
216.436 34.1566 176.313
216.441 34.1637 176.494
216.443 34.1838 176.639
216.449 34.1691 176.761
216.462 34.1117 176.891
216.481 33.9821 176.87
216.488 33.9451 176.91

73
220.811 49.7435 124
220.8 49.7925 124.018
220.781 49.8807 124.007
220.759 49.98 124.057
220.744 50.0486 124.11
220.731 50.1097 124.175
220.719 50.1671 124.257
220.716 50.1829 124.374
220.719 50.1779 124.514
220.726 50.1533 124.692
220.745 50.0843 124.91
220.767 50.0015 125.19
220.8 49.8718 125.537
220.844 49.7012 125.974
220.907 49.4522 126.509
220.992 49.1069 127.16
221.095 48.69 127.966
221.214 48.197 128.919
221.346 47.6471 129.965
221.479 47.0808 131.047
221.618 46.5385 132.135
221.75 46.0041 133.221
221.879 45.4779 134.306
222.003 44.9613 135.389
222.122 44.4738 136.478
222.236 43.997 137.564
222.348 43.5302 138.646
222.454 43.1065 139.737
222.556 42.6884 140.823
222.654 42.2778 141.906
222.746 41.8998 142.995
222.836 41.5308 144.082
222.925 41.1718 145.166
223.008 40.836 146.255
223.089 40.5069 147.341
223.169 40.1838 148.426
223.243 39.8766 149.514
223.318 39.572 150.601
223.393 39.2699 151.687
223.47 38.9713 152.773
223.544 38.6751 153.859
223.618 38.3803 154.945
223.69 38.0882 156.03
223.762 37.8019 157.116
223.833 37.5218 158.201
223.903 37.2535 159.287
223.968 37.0013 160.373
224.034 36.7568 161.459
224.099 36.5124 162.541
224.156 36.3217 163.631
224.212 36.1352 164.717
224.265 35.9563 165.802
224.313 35.811 166.882
224.356 35.6977 167.947
224.395 35.6011 168.978
224.427 35.541 169.964
224.456 35.4936 170.89
224.48 35.4597 171.749
224.497 35.4585 172.534
224.51 35.4601 173.241
224.52 35.4802 173.869
224.53 35.4939 174.418
224.536 35.5194 174.893
224.541 35.5451 175.297
224.545 35.568 175.637
224.549 35.5744 175.92
224.553 35.5823 176.151
224.555 35.5887 176.338
224.555 35.6087 176.489
224.561 35.5928 176.617
224.573 35.5326 176.754
224.594 35.3953 176.732
224.601 35.3561 176.773

73
229.265 52.0184 124.115
229.253 52.0711 124.133
229.231 52.1653 124.122
229.207 52.2729 124.176
229.19 52.3501 124.23
229.174 52.4192 124.298
229.159 52.4854 124.382
229.156 52.5009 124.505
229.148 52.541 124.647
229.159 52.4976 124.83
229.174 52.4356 125.055
229.198 52.339 125.337
229.231 52.2002 125.692
229.281 51.983 126.123
229.35 51.6939 126.656
229.438 51.3182 127.307
229.544 50.8552 128.103
229.67 50.3089 129.044
229.806 49.7046 130.079
229.945 49.084 131.157
230.084 48.4785 132.236
230.22 47.8929 133.318
230.351 47.3138 134.397
230.479 46.738 135.469
230.598 46.2087 136.555
230.711 45.6897 137.636
230.824 45.1802 138.711
230.926 44.7065 139.793
231.025 44.2568 140.875
231.121 43.8205 141.954
231.209 43.403 143.034
231.294 43.0045 144.115
231.378 42.6148 145.193
231.455 42.2522 146.276
231.53 41.8995 147.356
231.6 41.552 148.436
231.671 41.2182 149.516
231.739 40.8918 150.597
231.806 40.5667 151.677
231.875 40.2431 152.757
231.941 39.9235 153.837
232.008 39.6058 154.916
232.072 39.2902 155.995
232.134 38.9825 157.075
232.196 38.6833 158.154
232.257 38.3922 159.233
232.314 38.1246 160.314
232.37 37.8642 161.394
232.424 37.6025 162.469
232.469 37.4019 163.553
232.514 37.2069 164.633
232.556 37.0204 165.711
232.591 36.8696 166.786
232.621 36.7568 167.845
232.649 36.6625 168.872
232.668 36.6054 169.854
232.685 36.5611 170.779
232.7 36.5379 171.637
232.708 36.542 172.424
232.713 36.5538 173.133
232.715 36.581 173.765
232.717 36.6041 174.32
232.717 36.6364 174.8
232.716 36.672 175.211
232.715 36.7054 175.557
232.716 36.713 175.847
232.717 36.7224 176.085
232.718 36.7303 176.278
232.716 36.7519 176.434
232.72 36.738 176.568
232.732 36.6711 176.71
232.754 36.5294 176.689
232.761 36.4879 176.732

73
237.78 54.0173 124.261
237.768 54.0725 124.28
237.744 54.1713 124.269
237.719 54.2845 124.326
237.7 54.3665 124.383
237.682 54.4404 124.454
237.665 54.5137 124.539
237.661 54.5319 124.667
237.644 54.6022 124.811
237.661 54.5284 124.996
237.674 54.4713 125.229
237.699 54.3579 125.511
237.731 54.2095 125.869
237.781 53.9746 126.303
237.857 53.6483 126.828
237.946 53.2396 127.472
238.052 52.7497 128.257
238.178 52.1698 129.186
238.313 51.5258 130.207
238.453 50.864 131.274
238.592 50.2287 132.348
238.726 49.5985 133.416
238.854 48.992 134.488
238.978 48.3984 135.557
239.095 47.8223 136.626
239.207 47.2777 137.699
239.311 46.7473 138.768
239.413 46.2459 139.839
239.502 45.772 140.913
239.594 45.3105 141.981
239.676 44.8755 143.054
239.757 44.4577 144.126
239.831 44.0501 145.195
239.902 43.6661 146.267
239.967 43.3026 147.34
240.032 42.9428 148.411
240.093 42.5903 149.481
240.153 42.2524 150.554
240.211 41.9135 151.625
240.27 41.5747 152.695
240.328 41.2397 153.766
240.384 40.9076 154.836
240.441 40.5778 155.906
240.492 40.256 156.976
240.545 39.9442 158.047
240.596 39.6373 159.115
240.641 39.3608 160.188
240.684 39.0906 161.259
240.731 38.8203 162.325
240.764 38.6107 163.4
240.796 38.4093 164.471
240.827 38.2152 165.54
240.85 38.0669 166.606
240.868 37.9538 167.657
240.883 37.8588 168.676
240.891 37.8082 169.653
240.898 37.7662 170.573
240.899 37.7579 171.429
240.898 37.7642 172.214
240.895 37.7807 172.924
240.89 37.8133 173.558
240.886 37.8484 174.117
240.88 37.8862 174.602
240.873 37.9316 175.018
240.866 37.9735 175.37
240.865 37.9855 175.666
240.863 37.9956 175.91
240.861 38.0049 176.109
240.858 38.0269 176.27
240.859 38.0186 176.41
240.871 37.9465 176.557
240.894 37.8001 176.537
240.9 37.7569 176.581

