73
95.6343 0.632685 0.0016
95.6378 0.588281 0.0164996
95.6364 0.508635 0.00772775
95.6463 0.417274 0.0515768
95.6559 0.349799 0.0944481
95.6686 0.290082 0.151243
95.6847 0.238059 0.225402
95.7053 0.191467 0.320319
95.7336 0.171501 0.44981
95.7703 0.206223 0.619063
95.8118 0.332214 0.81177
95.8645 0.50058 1.05749
95.9332 0.70431 1.37865
96.0179 0.961167 1.78377
96.1241 1.28358 2.29139
96.2733 1.68296 2.9221
96.4577 2.17342 3.70848
96.6792 2.78475 4.67633
96.947 3.52425 5.86718
97.2675 4.39006 7.33203
97.6376 5.35647 9.06231
98.1093 6.30062 10.9865
98.5837 7.26514 12.9661
99.0301 8.22573 14.9395
99.5218 9.15357 16.9017
100.026 10.0292 18.8652
100.524 10.8632 20.8299
101.015 11.6687 22.7924
101.567 12.4352 24.7408
102.103 13.1755 26.6922
102.633 13.9113 28.6366
103.185 14.5913 30.5854
103.733 15.2566 32.5299
104.288 15.9007 34.471
104.838 16.4976 36.4212
105.382 17.1033 38.3623
105.933 17.6406 40.3161
106.486 18.2014 42.2557
106.994 18.6948 44.2214
107.51 19.2046 46.1743
108.037 19.6436 48.1369
108.542 20.0846 50.0995
108.992 20.4866 52.0801
109.461 20.8613 54.0576
109.951 21.2254 56.0283
110.368 21.5214 58.0238
110.778 21.8271 60.0156
111.222 22.0615 62.0072
111.63 22.281 64.0057
112 22.4876 66.0113
112.402 22.6138 68.0162
112.782 22.7225 70.0249
113.146 22.7914 72.0273
113.49 22.8125 74.0027
113.85 22.7912 75.913
114.163 22.7375 77.7428
114.437 22.6456 79.4668
114.708 22.5106 81.0592
114.961 22.3844 82.5145
115.192 22.2152 83.8196
115.363 22.064 84.9853
115.526 21.8916 85.9987
115.669 21.7336 86.8724
115.79 21.6044 87.6181
115.894 21.4739 88.2401
115.982 21.3618 88.755
116.053 21.2722 89.1763
116.11 21.1949 89.514
116.159 21.1166 89.7823
116.189 21.1225 90.0184
116.2 21.2395 90.2673
116.147 21.491 90.2228
116.144 21.5627 90.2988

73
107.367 0.338319 1.2036
107.371 0.290863 1.2194
107.369 0.20738 1.20781
107.378 0.11282 1.25378
107.386 0.0437562 1.29598
107.398 -0.0182364 1.35272
107.413 -0.0735771 1.42669
107.432 -0.124649 1.52114
107.458 -0.151682 1.64982
107.492 -0.134012 1.82194
107.533 -0.0141581 2.02148
107.579 0.167455 2.26454
107.655 0.379412 2.58749
107.744 0.647681 2.99578
107.86 0.985205 3.50689
107.997 1.40399 4.14593
108.172 1.90314 4.95066
108.384 2.52985 5.9384
108.638 3.29 7.15942
108.937 4.19768 8.66976
109.325 5.23834 10.4097
109.74 6.34941 12.2918
110.152 7.41783 14.22
110.561 8.39257 16.1635
111.029 9.31709 18.0909
111.472 10.2269 20.0162
111.912 11.1315 21.9363
112.357 12.0231 23.8529
112.825 12.9003 25.7591
113.287 13.7276 27.6768
113.745 14.5478 29.5862
114.211 15.3329 31.4981
114.676 16.0943 33.4108
115.142 16.8537 35.3155
115.588 17.5685 37.236
116.029 18.2967 39.1439
116.477 18.9676 41.0651
116.916 19.6489 42.9771
117.311 20.2889 44.9079
117.715 20.9251 46.8317
118.129 21.5346 48.7564
118.505 22.1201 50.6905
118.847 22.6861 52.6311
119.203 23.2188 54.5739
119.574 23.7624 56.5053
119.873 24.2312 58.4638
120.183 24.7099 60.4121
120.515 25.1518 62.361
120.804 25.5592 64.3194
121.075 25.9527 66.2788
121.366 26.3071 68.2387
121.637 26.631 70.2023
121.896 26.9241 72.1579
122.143 27.1786 74.0852
122.394 27.4003 75.9511
122.618 27.5826 77.734
122.809 27.7066 79.4134
122.998 27.8078 80.9654
123.177 27.8919 82.3794
123.337 27.9343 83.6511
123.457 27.96 84.7799
123.573 27.9525 85.7644
123.671 27.9421 86.6122
123.756 27.9379 87.332
123.83 27.9181 87.9344
123.89 27.899 88.4322
123.941 27.8857 88.8381
123.981 27.8709 89.1646
124.017 27.8469 89.4262
124.037 27.8664 89.6509
124.037 27.9914 89.8781
123.981 28.2166 89.8465
123.973 28.2869 89.9154

73
119.145 -0.02558 2.7974
119.149 -0.0712959 2.81341
119.145 -0.15236 2.80099
119.157 -0.242074 2.84744
119.163 -0.30797 2.88898
119.177 -0.366607 2.94531
119.19 -0.419056 3.01885
119.211 -0.467815 3.11256
119.237 -0.486394 3.24177
119.272 -0.462006 3.41379
119.311 -0.330116 3.60765
119.365 -0.151416 3.85272
119.431 0.0657067 4.17633
119.515 0.339479 4.58525
119.621 0.684343 5.09825
119.75 1.11239 5.74077
119.912 1.63624 6.54429
120.105 2.28962 7.5355
120.332 3.08608 8.76001
120.646 4.04276 10.2569
120.999 5.11361 11.9781
121.368 6.2392 13.8291
121.726 7.33711 15.7071
122.12 8.40435 17.5765
122.507 9.45372 19.4412
122.879 10.477 21.3084
123.266 11.4718 23.1737
123.654 12.4475 25.0363
124.043 13.4116 26.8932
124.426 14.3443 28.7574
124.803 15.2703 30.6169
125.174 16.1834 32.4755
125.547 17.0689 34.3396
125.922 17.9589 36.1928
126.25 18.8106 38.0666
126.582 19.6673 39.9288
126.924 20.4912 41.7976
127.243 21.3109 43.6655
127.522 22.1091 45.5433
127.808 22.8927 47.42
128.101 23.6671 49.2925
128.352 24.4074 51.1788
128.587 25.1441 53.0616
128.828 25.8461 54.9516
129.074 26.5594 56.8296
129.262 27.214 58.73
129.463 27.8708 60.6211
129.68 28.5082 62.5112
129.851 29.108 64.4124
130.015 29.6989 66.3107
130.191 30.2665 68.2093
130.354 30.8046 70.1115
130.502 31.3172 72.0051
130.64 31.7962 73.8708
130.782 32.2441 75.6764
130.913 32.6515 77.3986
131.01 32.9904 79.0232
131.109 33.2995 80.5226
131.203 33.5713 81.8882
131.294 33.8019 83.1144
131.36 33.9948 84.2004
131.414 34.1335 85.1512
131.465 34.2565 85.9669
131.507 34.3609 86.6584
131.544 34.4363 87.2381
131.578 34.4992 87.7159
131.602 34.5494 88.1053
131.624 34.5895 88.4182
131.644 34.6105 88.6706
131.654 34.6473 88.8828
131.646 34.7684 89.099
131.585 34.98 89.0698
131.574 35.0486 89.1352

73
130.949 -0.378929 4.7143
130.952 -0.423588 4.72961
130.949 -0.502963 4.71889
130.957 -0.592566 4.76377
130.966 -0.658455 4.8051
130.975 -0.717531 4.86117
130.99 -0.769945 4.93385
131.005 -0.814594 5.02915
131.03 -0.833977 5.1568
131.063 -0.810792 5.32917
131.1 -0.675024 5.52195
131.145 -0.490736 5.76645
131.209 -0.267414 6.08915
131.286 0.0154858 6.49749
131.382 0.371567 7.01083
131.499 0.815404 7.65417
131.645 1.36508 8.45653
131.827 2.04625 9.44855
132.068 2.87751 10.6698
132.351 3.88999 12.1616
132.658 5.02243 13.851
132.973 6.20585 15.6481
133.311 7.36673 17.4409
133.641 8.50829 19.2334
133.958 9.63361 21.0257
134.267 10.7431 22.8168
134.594 11.829 24.6087
134.909 12.9115 26.3967
135.215 13.9886 28.1826
135.511 15.051 29.9712
135.798 16.0963 31.7631
136.078 17.1383 33.5489
136.349 18.1515 35.3452
136.613 19.1671 37.1337
136.837 20.1625 38.9332
137.062 21.1512 40.7292
137.289 22.1264 42.5259
137.483 23.0864 44.3286
137.652 24.0391 46.1308
137.823 24.9686 47.9388
137.999 25.8996 49.7377
138.128 26.7927 51.554
138.252 27.693 53.359
138.382 28.5592 55.1745
138.505 29.4296 56.9808
138.585 30.2637 58.8003
138.675 31.0903 60.6159
138.773 31.9105 62.4272
138.833 32.6938 64.2498
138.893 33.4714 66.0681
138.95 34.234 67.8864
139.009 34.974 69.707
139.045 35.689 71.5199
139.07 36.3733 73.3055
139.102 37.0244 75.0335
139.132 37.6315 76.6807
139.142 38.1749 78.2319
139.148 38.6664 79.6658
139.155 39.1066 80.9715
139.165 39.4927 82.1441
139.177 39.8356 83.1784
139.178 40.1119 84.0855
139.174 40.3464 84.8645
139.171 40.5447 85.5243
139.174 40.7078 86.0763
139.174 40.8383 86.5324
139.175 40.9464 86.9029
139.173 41.0311 87.2014
139.177 41.0953 87.4407
139.178 41.1504 87.6383
139.165 41.2537 87.8499
139.102 41.455 87.8203
139.089 41.519 87.883

73
142.687 -1.01886 6.6891
142.69 -1.06092 6.7035
142.686 -1.13657 6.69506
142.696 -1.2232 6.73775
142.701 -1.28851 6.77849
142.71 -1.34504 6.83526
142.72 -1.39729 6.90644
142.738 -1.43442 7.00205
142.759 -1.45277 7.1289
142.786 -1.4211 7.30231
142.822 -1.26929 7.48757
142.862 -1.07462 7.73036
142.918 -0.835997 8.04928
142.99 -0.535481 8.45213
143.073 -0.156201 8.95792
143.189 0.313955 9.59012
143.334 0.898415 10.3765
143.505 1.62335 11.3505
143.714 2.51474 12.5478
143.955 3.591 13.9923
144.214 4.7897 15.6109
144.5 6.04008 17.3145
144.776 7.28144 19.0167
145.041 8.51113 20.7196
145.297 9.72871 22.4227
145.549 10.9352 24.1249
145.798 12.1302 25.8274
146.037 13.3188 27.5291
146.262 14.502 29.2306
146.47 15.6783 30.9322
146.669 16.8382 32.6392
146.861 17.9959 34.341
147.032 19.1377 36.0501
147.188 20.2757 37.757
147.314 21.403 39.4678
147.436 22.519 41.1801
147.559 23.6295 42.8893
147.639 24.7213 44.6077
147.704 25.8119 46.3202
147.769 26.8787 48.0418
147.838 27.9505 49.7521
147.855 28.9884 51.479
147.874 30.0315 53.1946
147.898 31.0513 54.9181
147.908 32.067 56.6364
147.893 33.0602 58.3611
147.877 34.0423 60.0855
147.86 35.0209 61.8048
147.826 35.9718 63.5328
147.785 36.9165 65.257
147.732 37.849 66.9811
147.684 38.7638 68.7079
147.621 39.6598 70.4251
147.548 40.5261 72.1162
147.472 41.3519 73.7547
147.401 42.1302 75.3163
147.333 42.851 76.7823
147.254 43.501 78.1407
147.179 44.0858 79.3778
147.115 44.6059 80.4883
147.057 45.0634 81.4697
147.007 45.4563 82.327
146.964 45.7934 83.0631
146.925 46.0775 83.687
146.889 46.3084 84.2104
146.858 46.4971 84.6423
146.834 46.6513 84.9935
146.814 46.7754 85.2757
146.799 46.8723 85.5008
146.792 46.9445 85.6877
146.77 47.0435 85.8817
146.714 47.2201 85.8662
146.699 47.2786 85.9215

73
154.325 -2.04882 8.5273
154.326 -2.08867 8.5409
154.324 -2.1612 8.53453
154.329 -2.2456 8.57471
154.334 -2.30821 8.61638
154.34 -2.36165 8.67228
154.354 -2.40842 8.74311
154.366 -2.44206 8.83797
154.383 -2.45965 8.96587
154.413 -2.40509 9.13702
154.444 -2.23591 9.31647
154.487 -2.01905 9.55475
154.539 -1.75003 9.86875
154.607 -1.4111 10.2649
154.692 -0.9853 10.7622
154.794 -0.453684 11.3842
154.92 0.206989 12.158
155.073 1.0249 13.1156
155.255 2.03342 14.2958
155.457 3.22799 15.6936
155.688 4.53601 17.2385
155.914 5.88553 18.8396
156.128 7.22668 20.4406
156.332 8.55843 22.0419
156.526 9.88087 23.6431
156.71 11.194 25.2445
156.882 12.4994 26.8434
157.054 13.7877 28.447
157.198 15.0695 30.0503
157.317 16.3462 31.652
157.436 17.6049 33.2606
157.542 18.8619 34.8644
157.623 20.1097 36.4723
157.682 21.3514 38.0816
157.715 22.5878 39.6903
157.745 23.8117 41.3033
157.777 25.0342 42.9109
157.754 26.2372 44.5288
157.723 27.4415 46.1382
157.693 28.624 47.7581
157.658 29.8098 49.3674
157.589 30.9706 50.9886
157.518 32.1326 52.6012
157.44 33.2775 54.2201
157.352 34.4163 55.8353
157.251 35.5411 57.4532
157.143 36.654 59.0724
157.025 37.7623 60.6874
156.909 38.8544 62.3075
156.777 39.9386 63.9252
156.627 41.0112 65.5425
156.479 42.0679 67.1638
156.329 43.1128 68.7734
156.171 44.1295 70.3584
156.003 45.1014 71.8948
155.84 46.0196 73.3599
155.686 46.8749 74.7355
155.541 47.6591 76.0083
155.406 48.3688 77.1672
155.273 48.9965 78.2098
155.156 49.5504 79.1314
155.054 50.0301 79.9361
154.963 50.4409 80.628
154.887 50.7893 81.2143
154.823 51.0777 81.706
154.772 51.3163 82.1113
154.728 51.5096 82.4417
154.695 51.6662 82.7068
154.666 51.7883 82.9183
154.647 51.8797 83.094
154.622 51.9877 83.2802
154.564 52.1586 83.2626
154.546 52.2199 83.3157

73
165.903 -2.89347 10.3797
165.905 -2.9312 10.3929
165.902 -3.00056 10.3875
165.907 -3.08115 10.4256
165.913 -3.13887 10.469
165.918 -3.19061 10.5222
165.927 -3.2316 10.5942
165.94 -3.26182 10.6874
165.959 -3.27166 10.8163
165.982 -3.1957 10.9851
166.012 -3.00688 11.1586
166.046 -2.76121 11.3919
166.096 -2.45587 11.7002
166.156 -2.07096 12.0884
166.227 -1.58802 12.5744
166.32 -0.989146 13.1828
166.427 -0.245186 13.9373
166.555 0.67344 14.8689
166.709 1.79916 16.0142
166.885 3.10916 17.3522
167.061 4.53063 18.8144
167.232 5.97999 20.3144
167.391 7.41814 21.8151
167.533 8.84547 23.3165
167.661 10.2625 24.818
167.779 11.6691 26.3198
167.887 13.0669 27.8195
167.981 14.4497 29.3234
168.046 15.8224 30.8288
168.091 17.1894 32.3304
168.134 18.5383 33.84
168.159 19.8845 35.3448
168.155 21.2222 36.8531
168.129 22.5536 38.3626
168.081 23.8804 39.8707
168.026 25.1978 41.3825
167.974 26.5145 42.8895
167.865 27.8137 44.4048
167.75 29.1131 45.9127
167.63 30.3961 47.4295
167.503 31.6798 48.9372
167.356 32.9446 50.4541
167.202 34.2086 51.9634
167.037 35.4566 53.4793
166.864 36.7002 54.991
166.684 37.934 56.5041
166.493 39.1568 58.0186
166.291 40.3738 59.5298
166.086 41.5769 61.0458
165.872 42.7747 62.5587
165.65 43.9656 64.0701
165.415 45.1397 65.5858
165.177 46.3005 67.0919
164.938 47.4359 68.5739
164.7 48.529 70.0089
164.462 49.5616 71.3785
164.233 50.5246 72.6647
164.018 51.4091 73.8555
163.819 52.2119 74.9398
163.64 52.9304 75.9138
163.478 53.5637 76.7755
163.331 54.1105 77.5291
163.204 54.5811 78.1764
163.095 54.979 78.7256
163.003 55.309 79.1866
162.929 55.5826 79.5664
162.866 55.804 79.8763
162.816 55.9826 80.1253
162.775 56.1238 80.3237
162.747 56.2331 80.4864
162.716 56.3498 80.6698
162.653 56.5222 80.6441
162.633 56.5884 80.6971

73
177.429 -3.17161 12.3443
177.43 -3.20695 12.3569
177.428 -3.2721 12.3514
177.431 -3.34722 12.3877
177.434 -3.40026 12.4293
177.439 -3.44813 12.4793
177.446 -3.48446 12.5478
177.457 -3.51095 12.6361
177.47 -3.51588 12.7602
177.492 -3.43289 12.9221
177.515 -3.23161 13.081
177.545 -2.97295 13.3015
177.584 -2.64853 13.5927
177.632 -2.23992 13.9594
177.692 -1.72835 14.4183
177.767 -1.09373 14.9929
177.853 -0.305791 15.705
177.958 0.666157 16.5844
178.076 1.85777 17.6658
178.207 3.24379 18.927
178.336 4.74763 20.3031
178.456 6.28055 21.7136
178.556 7.80441 23.1249
178.639 9.31824 24.5371
178.709 10.8225 25.9494
178.767 12.3173 27.362
178.82 13.8046 28.7728
178.826 15.2787 30.1885
178.821 16.7436 31.6044
178.798 18.2019 33.0159
178.773 19.6423 34.4359
178.729 21.0785 35.8497
178.635 22.4998 37.2693
178.533 23.9142 38.6877
178.414 25.3208 40.1065
178.282 26.7201 41.5264
178.148 28.117 42.9439
177.969 29.5014 44.3653
177.779 30.8833 45.7821
177.581 32.2534 47.2052
177.375 33.622 48.6211
177.155 34.9756 50.0449
176.926 36.3278 51.4611
176.685 37.6649 52.8845
176.436 38.999 54.3027
176.179 40.3234 55.7235
175.913 41.641 57.1437
175.64 42.9527 58.5618
175.359 44.2516 59.9841
175.069 45.5452 61.4036
174.771 46.8314 62.8233
174.467 48.1098 64.2432
174.156 49.3728 65.6557
173.841 50.6075 67.0464
173.529 51.7976 68.3929
173.227 52.9271 69.6773
172.937 53.9825 70.883
172.662 54.9512 72.0003
172.407 55.8314 73.0174
172.178 56.6196 73.9314
171.97 57.3146 74.7403
171.786 57.9191 75.4469
171.628 58.4393 76.0541
171.492 58.8796 76.5695
171.378 59.2457 77.002
171.282 59.5475 77.3588
171.205 59.7936 77.6496
171.142 59.9916 77.8834
171.092 60.1487 78.0696
171.053 60.2709 78.2199
171.014 60.3923 78.3977
170.954 60.5619 78.3694
170.931 60.6301 78.4205

73
188.867 -2.97457 14.228
188.868 -3.00749 14.2405
188.866 -3.06843 14.2335
188.868 -3.1364 14.27
188.871 -3.1847 14.3083
188.874 -3.22868 14.3553
188.883 -3.26038 14.4202
188.889 -3.28425 14.504
188.899 -3.28391 14.6244
188.916 -3.18635 14.777
188.934 -2.9742 14.921
188.958 -2.70647 15.1316
188.989 -2.36874 15.4067
189.027 -1.94314 15.7529
189.073 -1.41035 16.1868
189.127 -0.748311 16.73
189.189 0.0732478 17.4034
189.265 1.08706 18.2351
189.35 2.33189 19.2584
189.438 3.77725 20.4494
189.523 5.34353 21.7459
189.587 6.93726 23.0726
189.625 8.52462 24.3987
189.65 10.103 25.726
189.668 11.6726 27.0534
189.67 13.2344 28.3811
189.664 14.7903 29.7072
189.592 16.3332 31.038
189.521 17.8695 32.3677
189.438 19.3986 33.6937
189.352 20.9121 35.0272
189.252 22.4206 36.3538
189.072 23.9076 37.6876
188.898 25.3892 39.0178
188.714 26.8608 40.3501
188.515 28.3246 41.6818
188.309 29.7835 43.0126
188.07 31.2319 44.3449
187.813 32.675 45.675
187.549 34.1116 47.0076
187.275 35.5451 48.3366
186.99 36.9691 49.67
186.695 38.3902 50.9983
186.39 39.8001 52.3323
186.075 41.2068 53.6608
185.752 42.6027 54.9945
185.42 43.9951 56.3252
185.084 45.3832 57.6549
184.739 46.7619 58.9873
184.384 48.1346 60.3177
184.021 49.4985 61.6503
183.649 50.8579 62.9813
183.273 52.2051 64.305
182.898 53.5254 65.6079
182.525 54.7976 66.8699
182.16 56.0029 68.0747
181.813 57.1314 69.2051
181.489 58.1709 70.2519
181.187 59.1152 71.2055
180.914 59.9624 72.0615
180.67 60.7102 72.8194
180.454 61.3607 73.4815
180.265 61.9197 74.0505
180.106 62.3934 74.5334
179.97 62.7879 74.9384
179.857 63.1134 75.2725
179.766 63.3789 75.5448
179.693 63.5926 75.7638
179.634 63.7623 75.9377
179.587 63.8946 76.0765
179.545 64.0204 76.244
179.487 64.1809 76.2188
179.463 64.2486 76.266

73
200.215 -2.54899 15.9923
200.216 -2.57906 16.0042
200.215 -2.63525 15.9971
200.216 -2.69671 16.0325
200.218 -2.74153 16.0676
200.221 -2.78232 16.1118
200.224 -2.81106 16.1733
200.229 -2.82898 16.2533
200.236 -2.82299 16.37
200.25 -2.71111 16.5109
200.259 -2.49341 16.6442
200.275 -2.21789 16.8443
200.298 -1.86966 17.1043
200.322 -1.43017 17.4314
200.354 -0.880195 17.8418
200.388 -0.195653 18.3554
200.433 0.653967 18.9927
200.479 1.70395 19.7804
200.528 2.99476 20.7487
200.582 4.48881 21.8733
200.614 6.10565 23.0944
200.612 7.74871 24.3398
200.603 9.38603 25.5846
200.582 11.0155 26.8305
200.552 12.6378 28.0769
200.5 14.2548 29.3235
200.404 15.8659 30.568
200.287 17.4668 31.8162
200.162 19.0609 33.0627
200.032 20.6478 34.3078
199.87 22.2202 35.5579
199.706 23.7884 36.8019
199.469 25.3359 38.0518
199.236 26.8797 39.2963
198.995 28.4127 40.5438
198.738 29.9355 41.7893
198.468 31.4457 43.0375
198.176 32.9457 44.2839
197.861 34.4354 45.5323
197.54 35.9244 46.7781
197.208 37.4114 48.0229
196.866 38.894 49.2694
196.512 40.373 50.513
196.154 41.8439 51.7612
195.784 43.3109 53.0052
195.404 44.7683 54.2536
195.013 46.2222 55.4987
194.617 47.6712 56.7452
194.216 49.116 57.9918
193.809 50.5566 59.2373
193.391 51.9889 60.4851
192.961 53.4157 61.7317
192.524 54.8306 62.9717
192.092 56.2206 64.1917
191.669 57.5639 65.3732
191.254 58.838 66.5012
190.857 60.0299 67.56
190.486 61.1302 68.5392
190.141 62.1293 69.4318
189.827 63.0253 70.2329
189.551 63.8191 70.9416
189.308 64.5098 71.5607
189.096 65.1027 72.0927
188.914 65.6047 72.5442
188.762 66.0244 72.9223
188.635 66.3703 73.2342
188.53 66.651 73.4886
188.448 66.8785 73.6926
188.382 67.0582 73.8549
188.329 67.1986 73.9833
188.279 67.3278 74.1366
188.227 67.4777 74.1189
188.203 67.5434 74.161

73
211.471 -1.84734 17.8103
211.471 -1.87393 17.8211
211.471 -1.92438 17.8154
211.472 -1.97956 17.8482
211.473 -2.02069 17.8806
211.474 -2.05779 17.9223
211.476 -2.08282 17.9802
211.478 -2.09618 18.056
211.482 -2.08571 18.1703
211.491 -1.95831 18.2966
211.496 -1.73833 18.4221
211.507 -1.45734 18.612
211.519 -1.10075 18.8573
211.533 -0.650925 19.1668
211.551 -0.0868444 19.5553
211.57 0.616908 20.0414
211.59 1.4917 20.6456
211.613 2.5742 21.3932
211.637 3.90328 22.3103
211.627 5.43987 23.3703
211.598 7.09845 24.5176
211.555 8.78334 25.686
211.502 10.4645 26.8534
211.44 12.1402 28.0222
211.35 13.8104 29.1915
211.23 15.4767 30.3603
211.074 17.1383 31.5264
210.911 18.7927 32.6955
210.736 20.4406 33.8626
210.56 22.0805 35.0318
210.332 23.7086 36.2007
210.091 25.3313 37.3652
209.81 26.9387 38.5345
209.523 28.5423 39.6975
209.227 30.1351 40.8655
208.919 31.7193 42.0271
208.587 33.283 43.1975
208.244 34.8396 44.361
207.879 36.3835 45.5288
207.505 37.9253 46.6934
207.118 39.4642 47.8572
206.724 40.9999 49.0219
206.32 42.5317 50.1856
205.909 44.0577 51.3516
205.489 45.579 52.5164
205.058 47.0937 53.6826
204.616 48.604 54.8459
204.163 50.1054 56.013
203.708 51.6041 57.1787
203.254 53.1008 58.3447
202.789 54.591 59.5119
202.311 56.0756 60.6782
201.823 57.5464 61.8381
201.33 58.9872 62.9798
200.865 60.3847 64.0861
200.407 61.7108 65.1412
199.972 62.9528 66.1314
199.561 64.0967 67.0475
199.183 65.1376 67.8815
198.837 66.0692 68.63
198.529 66.8923 69.2921
198.254 67.6074 69.87
198.024 68.2255 70.3661
197.826 68.749 70.7869
197.659 69.1857 71.1392
197.524 69.5477 71.4292
197.409 69.8401 71.6658
197.317 70.0748 71.8557
197.246 70.2622 72.0061
197.19 70.4085 72.1257
197.137 70.5414 72.2604
197.088 70.6756 72.2542
197.065 70.737 72.29

73
222.631 -0.825068 19.7077
222.631 -0.848831 19.7174
222.632 -0.894339 19.7132
222.631 -0.944884 19.7426
222.631 -0.982641 19.7728
222.635 -1.01466 19.8127
222.634 -1.03803 19.8663
222.634 -1.04763 19.9382
222.638 -1.03249 20.0489
222.638 -0.895652 20.1635
222.642 -0.672762 20.2809
222.645 -0.386238 20.4611
222.65 -0.0219345 20.6932
222.651 0.438598 20.9861
222.657 1.01713 21.3551
222.658 1.74091 21.8165
222.668 2.64223 22.3927
222.645 3.76223 23.1047
222.606 5.14672 23.983
222.553 6.73802 24.9928
222.484 8.44821 26.0795
222.398 10.1716 27.1763
222.307 11.8937 28.2728
222.186 13.6126 29.3692
222.026 15.3272 30.4651
221.835 17.0379 31.56
221.641 18.7466 32.6541
221.433 20.4502 33.7496
221.211 22.1488 34.8431
220.976 23.839 35.9392
220.694 25.5187 37.0323
220.373 27.1885 38.1212
220.05 28.8508 39.2146
219.716 30.5084 40.3022
219.369 32.1546 41.3968
219.015 33.7959 42.4831
218.623 35.4176 43.577
218.227 37.0354 44.6642
217.812 38.6431 45.7545
217.388 40.2456 46.8413
216.952 41.8387 47.9315
216.507 43.4258 49.0193
216.055 45.0054 50.1106
215.595 46.5815 51.2004
215.131 48.1547 52.2903
214.652 49.7217 53.3812
214.162 51.2838 54.4675
213.66 52.8325 55.561
213.154 54.3771 56.651
212.657 55.9201 57.743
212.147 57.4541 58.8361
211.626 58.9813 59.9281
211.098 60.4926 61.0138
210.57 61.971 62.0815
210.042 63.3888 63.1186
209.559 64.7437 64.1061
209.093 66.0078 65.033
208.656 67.1703 65.89
208.253 68.2249 66.6697
207.89 69.1691 67.3689
207.563 69.9994 67.9868
207.276 70.721 68.5256
207.028 71.3396 68.9876
206.816 71.8629 69.379
206.64 72.2997 69.7062
206.491 72.6582 69.9757
206.375 72.952 70.1946
206.283 73.1882 70.3702
206.205 73.3732 70.5094
206.149 73.5196 70.6197
206.094 73.6478 70.7368
206.052 73.766 70.7407
206.03 73.8204 70.7708

73
233.693 0.31688 21.5309
233.693 0.293948 21.54
233.693 0.250528 21.5355
233.693 0.202351 21.5627
233.692 0.167388 21.591
233.691 0.138737 21.6286
233.69 0.11693 21.6784
233.691 0.110475 21.7462
233.69 0.128981 21.8512
233.686 0.265619 21.9598
233.687 0.491313 22.0672
233.685 0.782801 22.2379
233.681 1.15448 22.4576
233.671 1.62569 22.7357
233.65 2.21976 23.0857
233.625 2.96469 23.5253
233.587 3.89483 24.0743
233.541 5.05251 24.7557
233.472 6.48203 25.5943
233.381 8.11685 26.5512
233.273 9.8647 27.5751
233.16 11.6209 28.6055
233.002 13.3764 29.6337
232.804 15.1311 30.6595
232.59 16.8855 31.6849
232.365 18.6387 32.7103
232.128 20.3896 33.7365
231.879 22.1379 34.7626
231.63 23.8843 35.788
231.296 25.6152 36.8098
230.963 27.3426 37.8306
230.606 29.0635 38.8502
230.239 30.7792 39.8709
229.86 32.4902 40.8888
229.467 34.1928 41.911
229.072 35.8915 42.9286
228.629 37.5733 43.9486
228.182 39.2514 44.9636
227.723 40.922 45.9824
227.252 42.5872 46.9956
226.77 44.2405 48.0165
226.277 45.8885 49.0323
225.781 47.5314 50.0523
225.275 49.1703 51.0708
224.767 50.806 52.0885
224.244 52.4306 53.1092
223.71 54.0451 54.1239
223.165 55.6403 55.1478
222.615 57.2258 56.1661
222.071 58.8024 57.188
221.526 60.3683 58.2118
220.971 61.9226 59.2341
220.41 63.4556 60.251
219.848 64.9508 61.2508
219.3 66.3846 62.2206
218.763 67.7375 63.1443
218.281 69.0084 64.0107
217.828 70.1727 64.811
217.411 71.2226 65.5401
217.035 72.1569 66.1921
216.702 72.9765 66.7685
216.409 73.6846 67.2705
216.157 74.2908 67.699
215.942 74.8005 68.0625
215.766 75.2252 68.3655
215.618 75.5727 68.6145
215.497 75.8542 68.8163
215.4 76.0795 68.9779
215.325 76.2585 69.1053
215.264 76.3969 69.2059
215.212 76.5159 69.3093
215.174 76.6198 69.3184
215.154 76.6673 69.3443

73
244.635 1.23843 23.2226
244.635 1.21594 23.2314
244.636 1.17407 23.2261
244.635 1.12796 23.2512
244.633 1.09659 23.2784
244.632 1.06983 23.3128
244.626 1.04788 23.3581
244.623 1.04139 23.4213
244.617 1.05757 23.5178
244.606 1.18219 23.628
244.601 1.40995 23.7214
244.586 1.70483 23.8809
244.568 2.08151 24.087
244.547 2.55957 24.3491
244.516 3.16415 24.6794
244.475 3.9247 25.094
244.422 4.87621 25.6135
244.35 6.06174 26.2576
244.256 7.52788 27.0533
244.133 9.19824 27.9576
244.003 10.9813 28.9228
243.819 12.7672 29.8838
243.589 14.5548 30.8407
243.359 16.3457 31.7995
243.114 18.1384 32.7582
242.855 19.9326 33.7163
242.588 21.727 34.6749
242.294 23.5185 35.6325
241.983 25.3067 36.5891
241.611 27.0855 37.5399
241.234 28.8624 38.4907
240.842 30.6368 39.4412
240.438 32.409 40.3921
240.024 34.1788 41.3424
239.59 35.9424 42.2931
239.146 37.7011 43.2408
238.673 39.4471 44.1908
238.188 41.1866 45.1374
237.691 42.9202 46.0866
237.182 44.6507 47.0359
236.657 46.3813 47.9821
236.118 48.1106 48.9305
235.58 49.8432 49.8773
235.028 51.5687 50.8251
234.474 53.2842 51.7758
233.908 54.9854 52.7281
233.335 56.6717 53.6717
232.75 58.3279 54.6279
232.161 59.9626 55.5752
231.563 61.5693 56.5289
230.99 63.1623 57.4858
230.408 64.7354 58.4401
229.823 66.2775 59.3895
229.242 67.7706 60.3247
228.676 69.194 61.2307
228.133 70.5318 62.0891
227.615 71.7635 62.9007
227.152 72.8974 63.6442
226.736 73.9198 64.3241
226.362 74.8271 64.929
226.027 75.6162 65.4654
225.739 76.2981 65.9306
225.49 76.8785 66.3263
225.278 77.3638 66.6623
225.105 77.7662 66.9417
224.96 78.0945 67.1704
224.844 78.361 67.3553
224.751 78.5732 67.503
224.677 78.7399 67.6192
224.619 78.8698 67.71
224.572 78.9789 67.8013
224.536 79.0687 67.8131
224.518 79.1098 67.8354

73
255.452 1.74437 24.8523
255.451 1.7235 24.8603
255.452 1.68486 24.8554
255.45 1.64205 24.8787
255.448 1.61174 24.9033
255.445 1.58357 24.9336
255.441 1.56201 24.9758
255.436 1.54916 25.0324
255.427 1.55439 25.1154
255.414 1.63953 25.2411
255.404 1.86906 25.3158
255.388 2.16598 25.4603
255.365 2.54821 25.6524
255.335 3.03456 25.8971
255.295 3.65067 26.2064
255.245 4.42716 26.5965
255.177 5.40247 27.0867
255.088 6.61968 27.6913
254.971 8.11455 28.4328
254.848 9.80757 29.2712
254.62 11.6006 30.1525
254.389 13.3987 31.034
254.148 15.2041 31.9144
253.894 17.0149 32.7944
253.627 18.8294 33.6771
253.348 20.6489 34.5571
253.057 22.471 35.4378
252.754 24.2916 36.3174
252.363 26.0987 37.1882
251.979 27.9063 38.0598
251.583 29.7133 38.9313
251.171 31.5182 39.8028
250.746 33.3216 40.6745
250.311 35.1239 41.5461
249.859 36.9233 42.4173
249.386 38.7184 43.2867
248.898 40.509 44.1557
248.391 42.2945 45.0239
247.872 44.0772 45.8921
247.341 45.8565 46.7594
246.797 47.631 47.6281
246.237 49.3988 48.4915
245.676 51.1568 49.366
245.097 52.9111 50.2394
244.526 54.6787 51.1125
243.933 56.4545 51.9873
243.327 58.2375 52.8479
242.706 60.0036 53.7213
242.079 61.7451 54.5866
241.445 63.4486 55.4617
240.814 65.1197 56.3383
240.189 66.7667 57.2133
239.579 68.3791 58.0847
238.971 69.9285 58.9421
238.384 71.3923 59.7785
237.822 72.7595 60.567
237.295 74.016 61.3104
236.808 75.1575 61.9917
236.364 76.1782 62.612
235.966 77.0796 63.1633
235.631 77.8665 63.655
235.34 78.5444 64.0792
235.091 79.1207 64.4392
234.88 79.5994 64.7461
234.707 79.9955 64.9996
234.564 80.3186 65.2068
234.448 80.5796 65.3739
234.355 80.7868 65.507
234.282 80.9494 65.6115
234.226 81.0765 65.6931
234.176 81.185 65.7779
234.143 81.2761 65.7842
234.125 81.3189 65.8053

73
95.6343 0.632685 0.0016
95.6374 0.676571 0.0177015
95.6343 0.75563 0.00550704
95.6445 0.843303 0.0561453
95.652 0.915213 0.0939195
95.6653 0.980237 0.157337
95.6802 1.05719 0.230174
95.7 1.14947 0.326526
95.7251 1.26802 0.448451
95.757 1.42029 0.604458
95.7972 1.61486 0.803859
95.8479 1.86251 1.05738
95.9114 2.17595 1.37866
95.9888 2.57132 1.7836
96.0835 3.06766 2.28685
96.2175 3.67176 2.91536
96.3832 4.39802 3.70654
96.5749 5.2972 4.66932
96.8031 6.37165 5.85921
97.0704 7.63193 7.32616
97.3698 9.05616 9.06012
97.7495 10.5412 10.9803
98.1147 12.0545 12.9491
98.4445 13.519 14.9117
98.824 14.882 16.8757
99.2235 16.1283 18.8482
99.6188 17.2942 20.8183
100.002 18.4142 22.7739
100.461 19.4359 24.7307
100.904 20.4106 26.6815
101.345 21.3453 28.6249
101.823 22.1807 30.5806
102.289 23.0096 32.5165
102.793 23.7207 34.4729
103.268 24.4559 36.4085
103.778 25.067 38.3669
104.26 25.7239 40.3022
104.8 26.2233 42.2602
105.261 26.7708 44.2128
105.778 27.1785 46.1796
106.268 27.648 48.1304
106.788 27.9522 50.102
107.227 28.3067 52.0783
107.722 28.5104 54.0597
108.221 28.7776 56.03
108.675 28.8793 58.0252
109.116 29.0212 60.021
109.614 29.0184 62.0098
110.071 29.0236 64.011
110.513 28.9331 66.0182
110.981 28.7951 68.0231
111.438 28.606 70.0363
111.896 28.3119 72.0379
112.336 27.9556 74.0132
112.795 27.5573 75.9251
113.209 27.1021 77.7544
113.583 26.6117 79.4784
113.948 26.1007 81.0718
114.295 25.5799 82.5213
114.605 25.0784 83.829
114.852 24.5988 84.9983
115.084 24.1157 86.0044
115.287 23.6819 86.875
115.459 23.3139 87.6257
115.608 22.9693 88.2441
115.733 22.6708 88.755
115.835 22.4302 89.1763
115.916 22.2359 89.5157
115.98 22.0818 89.7862
116.031 21.9683 90.0104
116.084 21.8441 90.241
116.122 21.6338 90.2354
116.144 21.5627 90.2988

73
107.367 0.338319 1.2036
107.371 0.385251 1.22061
107.367 0.468259 1.20569
107.377 0.559013 1.25708
107.385 0.629787 1.29629
107.397 0.695396 1.35898
107.411 0.773676 1.43242
107.43 0.870142 1.52868
107.453 0.995327 1.65078
107.483 1.15647 1.8076
107.522 1.36254 2.0085
107.567 1.62522 2.26408
107.638 1.95556 2.58745
107.72 2.37303 2.99569
107.825 2.89794 3.50382
107.948 3.54178 4.14087
108.104 4.31263 4.94955
108.286 5.27143 5.93175
108.498 6.42496 7.14713
108.741 7.78709 8.65586
109.054 9.32453 10.3919
109.378 10.9353 12.2684
109.698 12.459 14.2068
110.007 13.8802 16.1487
110.374 15.2249 18.077
110.714 16.5188 20.0009
111.051 17.7646 21.9218
111.391 18.9675 23.8307
111.768 20.0807 25.7463
112.145 21.1143 27.6707
112.508 22.1439 29.567
112.909 23.0424 31.4977
113.289 23.9615 33.395
113.7 24.7791 35.315
114.076 25.5936 37.2227
114.475 26.3238 39.1447
114.868 27.0418 41.0562
115.274 27.698 42.9753
115.632 28.3242 44.9007
116.018 28.8819 46.8308
116.414 29.4229 48.7533
116.783 29.9036 50.6887
117.124 30.3497 52.6296
117.487 30.7392 54.5715
117.879 31.0973 56.5077
118.198 31.3935 58.4627
118.543 31.6521 60.4142
118.914 31.8732 62.3627
119.253 32.0248 64.3214
119.583 32.1349 66.2834
119.944 32.1774 68.243
120.287 32.1871 70.2077
120.629 32.1324 72.1648
120.967 32.0101 74.0917
121.312 31.8583 75.9589
121.631 31.6579 77.744
121.92 31.3909 79.42
122.203 31.1192 80.9714
122.472 30.8462 82.3863
122.713 30.5642 83.6573
122.909 30.2878 84.7887
123.094 29.9963 85.7679
123.252 29.7375 86.6143
123.39 29.5179 87.3374
123.51 29.3034 87.936
123.609 29.1233 88.4327
123.691 28.9753 88.8379
123.755 28.857 89.1647
123.807 28.7654 89.425
123.845 28.7083 89.6489
123.901 28.5852 89.8758
123.949 28.3602 89.8476
123.973 28.2869 89.9154

73
119.145 -0.02558 2.7974
119.149 0.0196983 2.81434
119.145 0.100564 2.79938
119.158 0.187506 2.8505
119.163 0.256237 2.89058
119.178 0.323403 2.95177
119.192 0.405953 3.02478
119.212 0.509743 3.11948
119.237 0.64368 3.24137
119.267 0.816836 3.3974
119.305 1.03824 3.59754
119.358 1.31966 3.85261
119.42 1.67763 4.17642
119.498 2.13006 4.58494
119.592 2.69833 5.0943
119.706 3.39551 5.72881
119.851 4.22141 6.54393
120.013 5.25062 7.52441
120.196 6.48068 8.73778
120.455 7.90951 10.2404
120.737 9.48912 11.96
121.019 11.1232 13.807
121.287 12.6817 15.6937
121.585 14.187 17.561
121.87 15.6392 19.4196
122.145 17.0086 21.2891
122.437 18.3011 23.1606
122.73 19.5471 25.0209
123.028 20.7383 26.8784
123.328 21.8546 28.7493
123.617 22.9534 30.6007
123.918 23.973 32.4708
124.213 24.9725 34.3267
124.526 25.918 36.1879
124.791 26.8227 38.0563
125.072 27.6856 39.9233
125.366 28.5032 41.7915
125.645 29.2915 43.6595
125.891 30.0298 45.5389
126.148 30.7417 47.4129
126.428 31.399 49.2912
126.664 32.0256 51.1737
126.899 32.6078 53.0609
127.139 33.163 54.9451
127.406 33.665 56.8317
127.608 34.1318 58.7263
127.841 34.5518 60.621
128.094 34.948 62.5113
128.309 35.2845 64.4118
128.526 35.5928 66.3113
128.765 35.8507 68.2112
128.998 36.06 70.1136
129.224 36.2292 72.0078
129.448 36.3424 73.8739
129.681 36.4208 75.6803
129.908 36.4475 77.404
130.097 36.4232 79.0264
130.288 36.3803 80.526
130.471 36.3138 81.8917
130.643 36.239 83.118
130.783 36.1502 84.2062
130.907 36.0269 85.1529
131.02 35.9191 85.968
131.115 35.8293 86.6614
131.198 35.7314 87.239
131.271 35.6485 87.7159
131.327 35.5822 88.1053
131.374 35.5292 88.4183
131.408 35.4944 88.6704
131.438 35.4612 88.8861
131.495 35.3361 89.0996
131.548 35.1195 89.0696
131.574 35.0486 89.1352

73
130.949 -0.378929 4.7143
130.952 -0.334726 4.7306
130.95 -0.255664 4.71713
130.959 -0.169364 4.76652
130.968 -0.101969 4.80803
130.978 -0.0325979 4.86806
130.993 0.0530993 4.94097
131.008 0.163093 5.0353
131.032 0.304857 5.15622
131.061 0.487627 5.3117
131.098 0.721385 5.51156
131.142 1.01997 5.76615
131.202 1.39885 6.08911
131.273 1.87823 6.49712
131.359 2.4802 7.00459
131.462 3.21437 7.64292
131.59 4.0946 8.45537
131.741 5.18548 9.43181
131.94 6.47574 10.6503
132.167 7.99728 12.1371
132.404 9.64548 13.8312
132.634 11.3363 15.6229
132.886 12.9422 17.4249
133.124 14.4951 19.2149
133.348 15.9863 21.0063
133.566 17.4108 22.8032
133.8 18.7841 24.5952
134.021 20.1207 26.3787
134.239 21.4026 28.165
134.454 22.6187 29.9611
134.659 23.8001 31.7476
134.869 24.9227 33.5445
135.067 26.0192 35.3336
135.267 27.0742 37.1274
135.428 28.0963 38.9236
135.6 29.0796 40.7207
135.78 30.0226 42.5193
135.931 30.9303 44.3215
136.066 31.8042 46.1257
136.208 32.6415 47.9308
136.366 33.4437 49.7355
136.479 34.2064 51.5471
136.598 34.9419 53.3565
136.728 35.6378 55.1681
136.863 36.3021 56.9792
136.959 36.9254 58.7961
137.075 37.5145 60.6131
137.206 38.0828 62.426
137.306 38.6003 64.247
137.415 39.0913 66.0658
137.531 39.5447 67.8859
137.656 39.962 69.7061
137.767 40.3362 71.5193
137.876 40.6625 73.3056
137.995 40.9541 75.0341
138.117 41.2006 76.6827
138.216 41.399 78.2328
138.312 41.5551 79.6668
138.406 41.68 80.9727
138.496 41.7768 82.1447
138.584 41.8531 83.1808
138.654 41.886 84.0864
138.712 41.9086 84.865
138.761 41.9267 85.5252
138.811 41.9287 86.0769
138.85 41.9254 86.5323
138.882 41.9269 86.903
138.906 41.9272 87.2011
138.923 41.946 87.4417
138.948 41.9225 87.6487
139.003 41.7971 87.8528
139.063 41.588 87.8189
139.089 41.519 87.883

73
142.687 -1.01886 6.6891
142.691 -0.977252 6.70443
142.688 -0.901918 6.69332
142.699 -0.818582 6.74083
142.706 -0.750822 6.7835
142.715 -0.676809 6.84108
142.727 -0.586464 6.91428
142.745 -0.470491 7.00718
142.765 -0.320228 7.12685
142.79 -0.127245 7.28137
142.826 0.119792 7.47847
142.866 0.43519 7.73026
142.918 0.835067 8.04916
142.986 1.33928 8.4516
143.059 1.97137 8.94937
143.163 2.73498 9.58014
143.292 3.65735 10.3751
143.433 4.79807 11.3318
143.605 6.14804 12.5307
143.792 7.73338 13.9648
143.986 9.43352 15.5898
144.195 11.1666 17.2912
144.391 12.8318 19.0005
144.57 14.4489 20.7011
144.739 16.0086 22.4051
144.905 17.5127 24.1125
145.065 18.9772 25.8153
145.214 20.4076 27.511
145.355 21.783 29.2161
145.481 23.1144 30.9207
145.6 24.4037 32.6252
145.719 25.649 34.3339
145.816 26.8661 36.0384
145.906 28.043 37.7498
145.968 29.1947 39.4561
146.034 30.2993 41.171
146.107 31.3753 42.8812
146.143 32.4074 44.6008
146.169 33.4209 46.3126
146.203 34.3868 48.0346
146.246 35.3383 49.746
146.246 36.2351 51.4719
146.255 37.1144 53.1899
146.276 37.9558 54.9125
146.291 38.7749 56.6312
146.288 39.5518 58.3556
146.295 40.296 60.0813
146.306 41.0239 61.8015
146.309 41.7081 63.5281
146.315 42.3657 65.2537
146.314 42.9989 66.9774
146.33 43.5908 68.7051
146.338 44.1536 70.4216
146.346 44.6672 72.1148
146.354 45.1437 73.7532
146.37 45.5776 75.3146
146.392 45.9583 76.7818
146.401 46.2853 78.14
146.412 46.5665 79.3772
146.429 46.8068 80.4874
146.446 47.0094 81.469
146.467 47.1655 82.3269
146.485 47.2997 83.0631
146.5 47.4107 83.6871
146.512 47.4877 84.2107
146.521 47.5504 84.6423
146.528 47.6016 84.9935
146.532 47.6504 85.2743
146.534 47.6925 85.5022
146.559 47.6689 85.6968
146.606 47.5575 85.903
146.673 47.3453 85.8554
146.699 47.2786 85.9215

73
154.325 -2.04882 8.5273
154.327 -2.00938 8.54178
154.327 -1.93727 8.53281
154.335 -1.8559 8.57862
154.342 -1.7886 8.62275
154.35 -1.7111 8.678
154.365 -1.61646 8.75042
154.379 -1.49335 8.8422
154.396 -1.33453 8.96057
154.424 -1.13117 9.1125
154.456 -0.871271 9.30715
154.499 -0.540122 9.55462
154.549 -0.120256 9.86869
154.613 0.408998 10.2642
154.691 1.07033 10.7529
154.784 1.87098 11.3783
154.895 2.85065 12.1556
155.023 4.05569 13.0962
155.173 5.48729 14.2817
155.327 7.14698 15.672
155.5 8.91758 17.22
155.659 10.7018 18.8229
155.801 12.4367 20.4279
155.927 14.1325 22.0249
156.042 15.7769 23.6278
156.146 17.374 25.2337
156.237 18.9365 26.8355
156.323 20.4669 28.4325
156.385 21.9508 30.0411
156.422 23.4071 31.642
156.46 24.8232 33.248
156.488 26.2034 34.8555
156.492 27.5551 36.4581
156.481 28.8603 38.0737
156.445 30.1456 39.6746
156.416 31.3724 41.2958
156.39 32.5854 42.899
156.32 33.7413 44.5224
156.243 34.8879 46.1273
156.177 35.9792 47.7511
156.111 37.0602 49.3584
156.02 38.0877 50.9812
155.934 39.0986 52.5948
155.846 40.075 54.2126
155.757 41.0247 55.8282
155.665 41.9404 57.4455
155.574 42.8186 59.0678
155.479 43.6847 60.6808
155.397 44.5108 62.3016
155.308 45.311 63.9209
155.206 46.0891 65.537
155.118 46.8299 67.1583
155.037 47.5436 68.7683
154.956 48.2148 70.3552
154.871 48.8421 71.8913
154.794 49.4188 73.3563
154.729 49.9377 74.7335
154.672 50.4046 76.0055
154.623 50.8121 77.166
154.571 51.1631 78.2084
154.529 51.4691 79.1286
154.5 51.7134 79.936
154.472 51.9253 80.6276
154.45 52.1047 81.2133
154.434 52.2438 81.7056
154.423 52.3577 82.1114
154.412 52.4507 82.4417
154.401 52.5385 82.7024
154.391 52.6011 82.9188
154.414 52.5709 83.1061
154.463 52.4617 83.2877
154.523 52.2795 83.2589
154.546 52.2199 83.3157

73
165.903 -2.89347 10.3797
165.906 -2.85592 10.3931
165.905 -2.78663 10.3869
165.915 -2.70625 10.4303
165.922 -2.63751 10.4746
165.93 -2.55654 10.5284
165.941 -2.4574 10.6004
165.956 -2.32893 10.6907
165.976 -2.16323 10.8072
165.997 -1.9503 10.9571
166.029 -1.67837 11.1485
166.064 -1.33206 11.392
166.112 -0.893966 11.7001
166.169 -0.342435 12.0867
166.234 0.34322 12.5678
166.319 1.17797 13.1794
166.414 2.20461 13.9337
166.521 3.46068 14.8544
166.647 4.96202 16.0039
166.782 6.68432 17.3384
166.907 8.52218 18.7995
167.019 10.362 20.3034
167.115 12.1634 21.8064
167.188 13.9325 23.3034
167.245 15.6584 24.8072
167.289 17.3471 26.3116
167.32 19.0063 27.8132
167.334 20.6362 29.3124
167.32 22.2267 30.8219
167.284 23.7939 32.3222
167.247 25.3251 33.8285
167.193 26.8228 35.3374
167.11 28.2957 36.8375
167.011 29.7198 38.3564
166.889 31.1293 39.8508
166.772 32.4743 41.3759
166.658 33.8089 42.8755
166.496 35.086 44.3966
166.331 36.3472 45.9002
166.171 37.5587 47.4203
166.009 38.7507 48.9281
165.833 39.9004 50.4444
165.66 41.0242 51.9579
165.48 42.1225 53.4676
165.304 43.1821 54.9849
165.125 44.222 56.4932
164.948 45.217 58.0135
164.766 46.198 59.5234
164.589 47.1482 61.0371
164.413 48.0686 62.5523
164.239 48.9664 64.0655
164.058 49.8373 65.5779
163.886 50.6725 67.0853
163.722 51.4698 68.5688
163.564 52.2231 70.004
163.41 52.9183 71.3734
163.27 53.548 72.662
163.143 54.1188 73.8517
163.029 54.624 74.9371
162.932 55.0672 75.9121
162.845 55.4557 76.772
162.77 55.7721 77.5289
162.705 56.0475 78.1759
162.65 56.2793 78.7245
162.606 56.4635 79.1864
162.572 56.6171 79.5666
162.541 56.7432 79.8753
162.512 56.8569 80.1161
162.497 56.9239 80.3225
162.518 56.8936 80.5003
162.561 56.7932 80.6604
162.613 56.6391 80.6487
162.633 56.5884 80.6971

73
177.429 -3.17161 12.3443
177.431 -3.13613 12.3565
177.432 -3.07066 12.3522
177.438 -2.99252 12.392
177.443 -2.92497 12.4343
177.45 -2.8454 12.486
177.46 -2.7458 12.5534
177.473 -2.61674 12.6387
177.487 -2.45013 12.7491
177.507 -2.23639 12.8906
177.532 -1.96328 13.0714
177.562 -1.61595 13.3016
177.6 -1.17615 13.5928
177.646 -0.622544 13.9579
177.701 0.0654924 14.4138
177.769 0.908796 14.991
177.844 1.94886 15.7013
177.931 3.2205 16.5749
178.024 4.7542 17.6574
178.12 6.51664 18.9161
178.203 8.40377 20.2915
178.272 10.3004 21.7043
178.315 12.1636 23.1175
178.335 13.9972 24.5268
178.34 15.7953 25.9404
178.33 17.5612 27.3548
178.312 19.3011 28.7683
178.244 21.0151 30.1785
178.164 22.695 31.5982
178.066 24.3515 33.0101
177.964 25.9772 34.4264
177.844 27.5732 35.8461
177.672 29.1454 37.2555
177.497 30.6754 38.6826
177.304 32.1868 40.0894
177.106 33.6471 41.518
176.907 35.0869 42.9293
176.671 36.4766 44.3543
176.429 37.8384 45.7696
176.187 39.158 47.1935
175.943 40.4482 48.6134
175.691 41.7068 50.0325
175.44 42.9313 51.4564
175.18 44.1349 52.8702
174.924 45.2957 54.2975
174.664 46.4403 55.7108
174.409 47.543 57.1371
174.153 48.6266 58.5562
173.895 49.6863 59.9735
173.64 50.7123 61.3969
173.386 51.7171 62.8164
173.134 52.699 64.2345
172.885 53.6445 65.6487
172.642 54.5504 67.0407
172.407 55.41 68.3867
172.188 56.2097 69.6711
171.984 56.9388 70.8799
171.795 57.6003 71.9962
171.624 58.1902 73.0142
171.475 58.7098 73.9293
171.341 59.1643 74.7367
171.228 59.5469 75.446
171.131 59.8764 76.0533
171.049 60.1531 76.5686
170.982 60.3789 77.0016
170.925 60.5641 77.3587
170.879 60.717 77.6477
170.838 60.8511 77.8699
170.817 60.9261 78.0652
170.829 60.9041 78.2377
170.867 60.8045 78.3775
170.914 60.6743 78.3788
170.931 60.6301 78.4205

73
188.867 -2.97457 14.228
188.869 -2.94119 14.2395
188.869 -2.8796 14.2356
188.874 -2.8055 14.2735
188.878 -2.73987 14.313
188.883 -2.66178 14.3625
188.894 -2.5619 14.4249
188.902 -2.43238 14.5058
188.912 -2.26523 14.6099
188.929 -2.05071 14.7435
188.949 -1.77653 14.9143
188.972 -1.42772 15.1316
189.002 -0.986152 15.4067
189.037 -0.430301 15.7516
189.078 0.26118 16.1835
189.126 1.11268 16.7287
189.178 2.16417 17.4
189.238 3.4512 18.2275
189.301 5.01096 19.2512
189.356 6.80241 20.44
189.4 8.72163 21.7375
189.417 10.6535 23.0631
189.403 12.5537 24.3916
189.372 14.4256 25.7177
189.331 16.2673 27.0458
189.271 18.081 28.3749
189.201 19.8724 29.7033
189.061 21.6381 31.0287
188.923 23.3742 32.3623
188.77 25.088 33.6899
188.613 26.7769 35.0197
188.442 28.4412 36.3538
188.189 30.081 37.6764
187.945 31.688 39.0137
187.69 33.2746 40.338
187.424 34.8234 41.6736
187.154 36.3476 43.0001
186.855 37.8301 44.3331
186.543 39.279 45.6628
186.232 40.6925 46.9946
185.917 42.0714 48.3285
185.597 43.4233 49.656
185.276 44.7372 50.9926
184.95 46.0297 52.3177
184.624 47.2818 53.6552
184.295 48.5133 54.9825
183.968 49.7119 56.316
183.646 50.8854 57.6492
183.321 52.0389 58.9761
182.997 53.1585 60.3104
182.673 54.2539 61.6421
182.351 55.3269 62.9723
182.034 56.3692 64.296
181.727 57.3683 65.602
181.429 58.3179 66.8645
181.143 59.2045 68.068
180.879 60.018 69.2006
180.638 60.7573 70.2474
180.418 61.4185 71.2013
180.224 62.0023 72.0588
180.053 62.5124 72.8162
179.906 62.9466 73.4807
179.778 63.3197 74.0494
179.671 63.6336 74.532
179.582 63.89 74.9383
179.507 64.1021 75.2726
179.447 64.2768 75.543
179.393 64.4309 75.7452
179.364 64.5171 75.931
179.374 64.4895 76.0938
179.408 64.4021 76.2223
179.449 64.2869 76.2286
179.463 64.2486 76.266

73
200.215 -2.54899 15.9923
200.217 -2.51846 16.0032
200.217 -2.46182 15.9991
200.221 -2.3942 16.0364
200.224 -2.33133 16.0727
200.228 -2.25416 16.119
200.232 -2.15443 16.1778
200.239 -2.02496 16.2538
200.246 -1.8578 16.3519
200.259 -1.64319 16.4779
200.27 -1.36859 16.6391
200.284 -1.01926 16.8444
200.307 -0.576916 17.1042
200.327 -0.0197769 17.4302
200.355 0.673757 17.8389
200.383 1.53002 18.3547
200.418 2.58914 18.9895
200.45 3.88768 19.7743
200.478 5.46636 20.7428
200.502 7.27768 21.8662
200.498 9.21997 23.0879
200.452 11.1759 24.3307
200.396 13.1027 25.5779
200.325 15.0027 26.8238
200.241 16.8777 28.0705
200.133 18.7298 29.3182
199.978 20.5604 30.5638
199.801 22.3684 31.8084
199.614 24.1501 33.0581
199.42 25.9116 34.305
199.193 27.6497 35.551
198.963 29.3665 36.802
198.659 31.059 38.0423
198.361 32.725 39.2926
198.054 34.3695 40.5361
197.733 35.9845 41.7844
197.4 37.5738 43.0297
197.048 39.133 44.2753
196.677 40.6601 45.5208
196.305 42.1585 46.7645
195.928 43.6218 48.0132
195.548 45.0576 49.2545
195.164 46.4538 50.5052
194.782 47.8243 51.748
194.398 49.1593 52.9978
194.009 50.468 54.2433
193.619 51.7496 55.4889
193.232 53.0035 56.7379
192.847 54.2381 57.9805
192.466 55.4421 59.2288
192.084 56.619 60.4768
191.699 57.7728 61.7221
191.318 58.8948 62.9621
190.951 59.9755 64.1851
190.599 61.0059 65.3674
190.261 61.9699 66.4943
189.943 62.856 67.5539
189.654 63.6611 68.5343
189.389 64.3811 69.4278
189.152 65.0191 70.2296
188.949 65.5779 70.9387
188.773 66.0567 71.5601
188.62 66.4676 72.0915
188.489 66.8127 72.5426
188.383 67.0971 72.9222
188.294 67.3314 73.2345
188.219 67.5231 73.4864
188.158 67.6921 73.6696
188.123 67.783 73.8455
188.129 67.7575 73.9981
188.152 67.682 74.1197
188.191 67.5771 74.1262
188.203 67.5434 74.161

73
211.471 -1.84734 17.8103
211.472 -1.8201 17.8198
211.472 -1.76884 17.8183
211.474 -1.70481 17.852
211.476 -1.6418 17.8856
211.478 -1.56395 17.9286
211.481 -1.46407 17.9841
211.484 -1.33464 18.0555
211.488 -1.16742 18.1479
211.497 -0.952315 18.2665
211.502 -0.67692 18.4185
211.512 -0.326191 18.6119
211.522 0.118378 18.8574
211.533 0.678633 19.1655
211.547 1.37737 19.5529
211.56 2.2431 20.0407
211.57 3.31521 20.6427
211.58 4.63264 21.3882
211.583 6.2354 22.3052
211.545 8.07295 23.3641
211.481 10.0401 24.5115
211.398 12.0214 25.6781
211.301 13.9778 26.8471
211.192 15.9105 28.0161
211.052 17.8204 29.1853
210.88 19.7087 30.3546
210.668 21.576 31.5227
210.449 23.4245 32.689
210.216 25.2496 33.8585
209.98 27.0548 35.0281
209.692 28.8359 36.1938
209.391 30.5943 37.3638
209.048 32.3304 38.5269
208.701 34.0439 39.6937
208.345 35.7353 40.8603
207.977 37.4045 42.0256
207.586 39.0473 43.1916
207.186 40.6681 44.3555
206.765 42.2613 45.5204
206.34 43.831 46.6817
205.906 45.369 47.8471
205.471 46.8784 49.0076
205.035 48.3497 50.1741
204.599 49.7872 51.3412
204.163 51.195 52.5061
203.722 52.5721 53.6739
203.278 53.9244 54.8365
202.832 55.2457 56.0047
202.391 56.5457 57.1689
201.961 57.8217 58.3346
201.529 59.068 59.5031
201.094 60.2893 60.6692
200.659 61.4786 61.8289
200.227 62.6221 62.9724
199.831 63.7168 64.0799
199.447 64.7416 65.1342
199.09 65.6862 66.1262
198.757 66.5448 67.0421
198.457 67.3145 67.8779
198.186 67.9962 68.6267
197.948 68.5917 69.2894
197.737 69.1026 69.8692
197.564 69.5449 70.3644
197.417 69.916 70.7849
197.293 70.2208 71.1385
197.196 70.4726 71.43
197.111 70.6784 71.6632
197.039 70.8537 71.8301
196.999 70.9529 71.9934
197.002 70.9321 72.1376
197.021 70.8662 72.2524
197.055 70.7674 72.2575
197.065 70.737 72.29

73
222.631 -0.825068 19.7077
222.632 -0.80052 19.7156
222.632 -0.753386 19.7173
222.632 -0.690685 19.7461
222.633 -0.627166 19.7773
222.637 -0.549834 19.8183
222.636 -0.449735 19.8699
222.636 -0.319516 19.9368
222.64 -0.150975 20.0235
222.639 0.06622 20.1352
222.643 0.344701 20.2783
222.644 0.699865 20.4612
222.647 1.15096 20.693
222.645 1.72011 20.9852
222.647 2.43185 21.3529
222.641 3.31652 21.816
222.641 4.41494 22.3898
222.603 5.76983 23.1007
222.544 7.43083 23.977
222.463 9.32276 24.9861
222.359 11.3377 26.0733
222.233 13.35 27.1696
222.098 15.3418 28.2667
221.93 17.3121 29.3634
221.722 19.2602 30.4585
221.48 21.1853 31.5539
221.233 23.0915 32.6503
220.969 24.9797 33.7436
220.692 26.8465 34.8381
220.4 28.6904 35.935
220.062 30.5099 37.0263
219.683 32.3029 38.1173
219.303 34.0766 39.2091
218.912 35.8308 40.2991
218.509 37.5636 41.3918
218.099 39.2787 42.4817
217.652 40.9676 43.5707
217.203 42.6367 44.6595
216.737 44.2818 45.7474
216.265 45.9033 46.8346
215.785 47.4968 47.9209
215.301 49.0581 49.0113
214.816 50.5906 50.0982
214.332 52.0894 51.1902
213.849 53.5597 52.2785
213.362 54.9952 53.3718
212.871 56.4031 54.4593
212.376 57.7774 55.5506
211.886 59.1237 56.6438
211.413 60.4521 57.7328
210.937 61.7481 58.8263
210.459 63.0149 59.92
209.983 64.2496 61.005
209.517 65.4369 62.077
209.056 66.5637 63.1103
208.646 67.6245 64.1003
208.256 68.6008 65.0283
207.894 69.4881 65.8851
207.566 70.2823 66.6668
207.275 70.9878 67.3657
207.015 71.6007 67.9849
206.79 72.1291 68.5249
206.595 72.5813 68.986
206.432 72.9603 69.3771
206.297 73.2723 69.7061
206.183 73.528 69.9757
206.095 73.7393 70.1924
206.024 73.9193 70.343
205.976 74.0168 70.4946
205.975 74.0041 70.63
205.988 73.9428 70.7383
206.022 73.849 70.7401
206.03 73.8204 70.7708

73
233.693 0.31688 21.5309
233.693 0.340518 21.5384
233.693 0.385378 21.5391
233.692 0.445076 21.5672
233.691 0.507014 21.5956
233.69 0.58417 21.6338
233.689 0.684734 21.6816
233.689 0.815759 21.7442
233.688 0.985624 21.8256
233.684 1.20504 21.9304
233.683 1.48711 22.0653
233.679 1.84785 22.2379
233.673 2.30717 22.4576
233.659 2.88858 22.7346
233.633 3.61816 23.0842
233.601 4.5287 23.5245
233.553 5.66125 24.0713
233.491 7.06096 24.752
233.4 8.77478 25.5876
233.279 10.7155 26.5447
233.135 12.7714 27.5693
232.981 14.8191 28.5995
232.779 16.847 29.6268
232.534 18.8534 30.6531
232.271 20.8399 31.6786
231.995 22.8064 32.7044
231.705 24.7528 33.7318
231.402 26.6817 34.7576
231.097 28.5936 35.7828
230.708 30.4729 36.8041
230.319 32.3323 37.8263
229.906 34.1709 38.8447
229.484 35.9888 39.8663
229.05 37.7883 40.8854
228.603 39.5684 41.9061
228.154 41.3317 42.9267
227.66 43.0688 43.9416
227.162 44.7853 44.9603
226.655 46.4821 45.9737
226.139 48.1532 46.9941
225.615 49.8038 48.0073
225.084 51.4266 49.0249
224.557 53.0233 50.0409
224.025 54.587 51.0598
223.5 56.119 52.0768
222.97 57.6098 53.096
222.439 59.0594 54.118
221.905 60.473 55.1356
221.375 61.8495 56.1608
220.858 63.2041 57.1804
220.349 64.5307 58.2015
219.84 65.8227 59.2268
219.333 67.0785 60.2436
218.834 68.2853 61.2453
218.354 69.4288 62.2139
217.89 70.4912 63.1371
217.485 71.4755 64.0071
217.107 72.3684 64.8076
216.764 73.1646 65.5392
216.457 73.8714 66.1878
216.189 74.481 66.7671
215.955 75.0038 67.2705
215.754 75.4522 67.6973
215.585 75.8251 68.0609
215.447 76.1321 68.366
215.331 76.3842 68.6144
215.237 76.5886 68.8143
215.16 76.7626 68.9494
215.115 76.8525 69.0914
215.104 76.8435 69.2157
215.115 76.7858 69.3178
215.148 76.6949 69.3151
215.154 76.6673 69.3443

73
244.635 1.23843 23.2226
244.635 1.26162 23.2297
244.635 1.30492 23.2295
244.633 1.36274 23.2565
244.631 1.42369 23.2822
244.629 1.50073 23.3172
244.622 1.60114 23.3615
244.619 1.73266 23.4197
244.614 1.90388 23.4954
244.602 2.12551 23.593
244.593 2.41099 23.7194
244.576 2.77684 23.8808
244.556 3.2434 24.0871
244.53 3.8346 24.3475
244.494 4.57719 24.6777
244.446 5.50605 25.0937
244.381 6.66405 25.6102
244.292 8.09717 26.2553
244.176 9.8575 27.047
244.022 11.8449 27.9517
243.854 13.9472 28.9163
243.63 16.0318 29.8778
243.355 18.098 30.8344
243.077 20.1481 31.7936
242.781 22.1811 32.7524
242.47 24.1968 33.7103
242.148 26.1944 34.6697
241.799 28.1724 35.6288
241.431 30.1336 36.5842
241.003 32.0682 37.5324
240.568 33.9805 38.4871
240.119 35.8762 39.4363
239.659 37.7546 40.3866
239.189 39.615 41.3395
238.7 41.4566 42.2854
238.201 43.2745 43.2398
237.677 45.0711 44.1851
237.14 46.8476 45.1367
236.593 48.6127 46.0835
236.035 50.3657 47.0313
235.465 52.1041 47.9736
234.886 53.8159 48.916
234.315 55.494 49.8677
233.738 57.1356 50.8138
233.169 58.7373 51.7648
232.599 60.2933 52.7107
232.031 61.7945 53.6664
231.463 63.2473 54.6134
230.9 64.6475 55.5698
230.337 66.0058 56.5243
229.806 67.3408 57.4741
229.277 68.6307 58.4324
228.754 69.8745 59.3853
228.241 71.0662 60.3182
227.749 72.1851 61.2241
227.283 73.2205 62.0875
226.843 74.1657 62.8958
226.457 75.0274 63.6415
226.115 75.7971 64.3231
225.809 76.4783 64.9246
225.539 77.0584 65.4646
225.309 77.558 65.9306
225.11 77.9836 66.3251
224.942 78.3357 66.6607
224.807 78.6241 66.9422
224.693 78.8601 67.1702
224.603 79.0524 67.3516
224.531 79.2108 67.4772
224.484 79.2914 67.6065
224.473 79.2802 67.7203
224.484 79.2238 67.8141
224.512 79.137 67.8082
224.518 79.1098 67.8354

73
255.452 1.74437 24.8523
255.451 1.76596 24.8585
255.451 1.80656 24.8593
255.448 1.86294 24.8833
255.446 1.924 24.9064
255.442 2.00148 24.9385
255.437 2.10248 24.9793
255.431 2.23483 25.0328
255.422 2.40745 25.1025
255.411 2.63152 25.1931
255.395 2.92096 25.31
255.376 3.29298 25.4603
255.35 3.76864 25.6524
255.316 4.37254 25.8957
255.27 5.13359 26.2056
255.212 6.08942 26.5958
255.132 7.28445 27.0826
255.025 8.76321 27.689
254.884 10.5669 28.428
254.729 12.5931 29.2645
254.462 14.7181 30.1466
254.188 16.8275 31.028
253.901 18.9244 31.9089
253.597 21.0085 32.79
253.279 23.0799 33.6711
252.945 25.138 34.5525
252.597 27.1819 35.4327
252.236 29.2058 36.3106
251.786 31.195 37.1845
251.343 33.1694 38.0551
250.886 35.1282 38.9271
250.413 37.0722 39.8016
249.929 39.0024 40.6634
249.432 40.9065 41.5444
248.922 42.794 42.412
248.392 44.6623 43.283
247.847 46.5132 44.1524
247.285 48.3471 45.0197
246.713 50.1655 45.8892
246.131 51.9692 46.754
245.537 53.7534 47.6254
244.93 55.5216 48.4903
244.323 57.2754 49.3645
243.702 59.0159 50.2283
243.095 60.7387 51.0966
242.48 62.419 51.9601
241.866 64.0383 52.8347
241.255 65.5976 53.7093
240.651 67.1012 54.5737
240.052 68.5345 55.4503
239.468 69.9082 56.3271
238.904 71.2317 57.1983
238.365 72.4909 58.0785
237.84 73.6801 58.934
237.342 74.78 59.7741
236.871 75.7953 60.5632
236.435 76.7159 61.3066
236.037 77.5427 61.9883
235.678 78.2721 62.6093
235.36 78.9099 63.1596
235.098 79.4569 63.654
234.874 79.9263 64.0784
234.683 80.3243 64.4371
234.522 80.6476 64.7456
234.392 80.9144 64.9996
234.284 81.1319 65.2066
234.198 81.3095 65.3654
234.13 81.45 65.4804
234.092 81.4991 65.6059
234.086 81.477 65.7041
234.093 81.4205 65.7844
234.119 81.3449 65.7816
234.125 81.3189 65.8053

