73
32
95.6343 0.632685 0.0016
99.5375 0.523491 0.465245
107.422 0.370937 1.01683
119.192 -0.0326738 2.64475
130.946 -0.234132 4.67945
142.661 -0.818354 6.74487
154.296 -2.13683 8.51105
165.88 -3.1743 10.3153
177.389 -3.40891 12.3708
188.829 -3.09111 14.2744
200.205 -2.68988 15.9564
211.472 -2.01121 17.7629
222.601 -0.892701 19.7314
233.623 0.414938 21.576
244.566 1.43759 23.2334
319.068 4.44193 34.4712
30.865 2.01707 -7.03198
107.422 0.370937 1.01683
119.192 -0.0326738 2.64475
130.946 -0.234132 4.67945
142.661 -0.818354 6.74487
154.296 -2.13683 8.51105
165.88 -3.1743 10.3153
177.389 -3.40891 12.3708
188.829 -3.09111 14.2744
200.205 -2.68988 15.9564
211.472 -2.01121 17.7629
222.601 -0.892701 19.7314
233.623 0.414938 21.576
244.566 1.43759 23.2334
251.851 1.50916 24.3029
255.452 1.74437 24.8523

32
95.6378 0.588281 0.0164996
99.541 0.478865 0.48032
107.425 0.321072 1.03302
119.196 -0.0780051 2.66103
130.949 -0.279593 4.69496
142.663 -0.860165 6.75907
154.298 -2.17673 8.52464
165.881 -3.21213 10.3285
177.39 -3.44429 12.3832
188.829 -3.12428 14.2871
200.205 -2.72028 15.9686
211.473 -2.03749 17.7738
222.601 -0.91548 19.7408
233.623 0.392187 21.585
244.566 1.4145 23.2424
319.066 4.42673 34.4746
30.8699 2.04908 -7.01977
107.425 0.420208 1.0344
119.196 0.0123469 2.66179
130.95 -0.1892 4.69605
142.664 -0.776887 6.76003
154.299 -2.09757 8.52574
165.882 -3.13659 10.3287
177.391 -3.3734 12.3829
188.83 -3.05735 14.2857
200.206 -2.65913 15.9677
211.473 -1.98426 17.7724
222.601 -0.868995 19.7388
233.623 0.43836 21.5835
244.566 1.46137 23.2409
251.851 1.5311 24.3093
255.451 1.76596 24.8585

32
95.6364 0.508635 0.00772775
99.5394 0.398968 0.470978
107.422 0.23449 1.02026
119.193 -0.158795 2.64786
130.946 -0.359919 4.68366
142.66 -0.935667 6.75102
154.295 -2.2491 8.51838
165.879 -3.28213 10.3241
177.388 -3.50946 12.3783
188.828 -3.18552 14.2795
200.205 -2.77696 15.9607
211.472 -2.08756 17.7679
222.6 -0.959641 19.7374
233.623 0.349008 21.5807
244.567 1.37175 23.2365
319.068 4.39985 34.472
30.8637 2.11449 -7.01928
107.422 0.506292 1.01801
119.192 0.092937 2.64653
130.947 -0.109107 4.68192
142.662 -0.701945 6.74937
154.298 -2.02545 8.51605
165.882 -3.06687 10.3232
177.392 -3.30787 12.3789
188.831 -2.99519 14.2821
200.207 -2.60222 15.9622
211.474 -1.93362 17.7707
222.601 -0.822816 19.7424
233.623 0.482904 21.5843
244.566 1.50528 23.2398
251.851 1.5724 24.3101
255.451 1.80656 24.8593

32
95.6463 0.417274 0.0515768
99.5491 0.307886 0.515182
107.433 0.135841 1.06737
119.203 -0.245947 2.69442
130.955 -0.451151 4.72961
142.668 -1.02155 6.79301
154.302 -2.33468 8.55914
165.883 -3.36344 10.3614
177.392 -3.58548 12.4141
188.83 -3.25322 14.3165
200.206 -2.83835 15.997
211.473 -2.14195 17.8011
222.6 -1.00904 19.7663
233.623 0.300927 21.6078
244.566 1.325 23.2615
319.06 4.36849 34.4845
30.8797 2.19315 -6.97069
107.433 0.600399 1.07029
119.203 0.178482 2.69742
130.958 -0.0218649 4.73225
142.672 -0.618719 6.79596
154.307 -1.94491 8.56292
165.889 -2.98565 10.3664
177.398 -3.22882 12.4182
188.835 -2.91983 14.3194
200.209 -2.53604 16.0009
211.475 -1.87073 17.8051
222.602 -0.759179 19.7693
233.623 0.542062 21.6124
244.564 1.56291 23.2677
251.849 1.62932 24.3347
255.448 1.86294 24.8833

32
95.6559 0.349799 0.0944481
99.5584 0.240659 0.55787
107.44 0.0644378 1.10943
119.21 -0.310395 2.73643
130.962 -0.517093 4.77022
142.674 -1.08815 6.83346
154.307 -2.39844 8.60047
165.888 -3.42097 10.4062
177.396 -3.63858 12.4565
188.833 -3.3009 14.3549
200.208 -2.8833 16.0317
211.474 -2.18293 17.8334
222.601 -1.0465 19.7965
233.622 0.265538 21.6357
244.564 1.29483 23.2894
319.055 4.33936 34.4952
30.8921 2.27531 -6.93899
107.44 0.671653 1.10964
119.21 0.246708 2.7379
130.965 0.0449161 4.77299
142.679 -0.550771 6.83898
154.314 -1.8785 8.60763
165.896 -2.9155 10.4114
177.404 -3.16088 12.4611
188.84 -2.85377 14.3591
200.213 -2.47462 16.037
211.477 -1.8079 17.8385
222.602 -0.694619 19.8007
233.622 0.603756 21.6409
244.563 1.6233 23.2934
251.846 1.69053 24.3587
255.446 1.924 24.9064

32
95.6686 0.290082 0.151243
99.5707 0.181129 0.614514
107.453 -0.000435481 1.16663
119.222 -0.366976 2.79192
130.972 -0.577787 4.82629
142.682 -1.14487 6.8908
154.314 -2.45123 8.65735
165.893 -3.47383 10.4598
177.4 -3.68649 12.5062
188.836 -3.34452 14.4022
200.21 -2.92438 16.0758
211.476 -2.22052 17.8751
222.602 -1.07823 19.8357
233.622 0.237887 21.6744
244.562 1.26963 23.3241
319.047 4.2999 34.5031
30.9129 2.34181 -6.8703
107.453 0.736712 1.17302
119.223 0.313726 2.79812
130.976 0.112952 4.83407
142.689 -0.476175 6.89643
154.322 -1.80107 8.66254
165.904 -2.8321 10.4656
177.41 -3.08126 12.5125
188.845 -2.77594 14.4094
200.216 -2.39828 16.0832
211.481 -1.72924 17.8813
222.604 -0.617975 19.8413
233.622 0.681198 21.6798
244.56 1.70002 23.3281
251.843 1.76797 24.3918
255.442 2.00148 24.9385

32
95.6847 0.238059 0.225402
99.5864 0.129028 0.688566
107.468 -0.0588865 1.24073
119.236 -0.418023 2.86585
130.985 -0.630097 4.89862
142.694 -1.20024 6.9624
154.325 -2.49771 8.7265
165.903 -3.51435 10.5344
177.409 -3.72284 12.5753
188.843 -3.37557 14.4659
200.215 -2.95334 16.1379
211.478 -2.24463 17.9333
222.602 -1.10139 19.8894
233.619 0.216576 21.7239
244.558 1.24781 23.3697
319.039 4.2753 34.5258
30.9362 2.41679 -6.79856
107.467 0.813541 1.24697
119.237 0.396814 2.87116
130.989 0.198039 4.90619
142.702 -0.386102 6.97113
154.336 -1.70606 8.73378
165.915 -2.731 10.54
177.421 -2.98158 12.5805
188.854 -2.67598 14.4702
200.222 -2.29855 16.1425
211.483 -1.62949 17.9369
222.604 -0.517815 19.8931
233.619 0.781735 21.727
244.556 1.80045 23.3735
251.837 1.86877 24.4336
255.437 2.10248 24.9793

32
95.7053 0.191467 0.320319
99.6066 0.0820817 0.78321
107.487 -0.11343 1.33561
119.255 -0.467504 2.95757
131.003 -0.676751 4.99569
142.709 -1.23484 7.05727
154.339 -2.53177 8.82266
165.914 -3.54464 10.629
177.419 -3.74879 12.6629
188.85 -3.40104 14.55
200.219 -2.97064 16.2179
211.48 -2.25763 18.009
222.603 -1.11039 19.9619
233.618 0.211273 21.7914
244.555 1.24455 23.434
319.026 4.22496 34.5468
30.9669 2.49347 -6.69953
107.486 0.908417 1.34423
119.256 0.501375 2.96437
131.007 0.307824 5.00226
142.718 -0.270212 7.06266
154.351 -1.58254 8.82662
165.929 -2.60004 10.6316
177.433 -2.85246 12.665
188.862 -2.54612 14.5519
200.228 -2.16914 16.2182
211.486 -1.50052 18.0083
222.606 -0.387291 19.9606
233.618 0.91256 21.7891
244.553 1.93185 23.4319
251.832 2.00088 24.4886
255.431 2.23483 25.0328

32
95.7336 0.171501 0.44981
99.6341 0.0623362 0.912592
107.514 -0.148277 1.46385
119.281 -0.481406 3.08768
131.027 -0.696917 5.12241
142.731 -1.25315 7.18343
154.358 -2.55317 8.95123
165.93 -3.55277 10.7595
177.433 -3.75394 12.7872
188.861 -3.40094 14.6703
200.226 -2.9641 16.3341
211.485 -2.24699 18.1242
222.605 -1.09519 20.0728
233.617 0.232608 21.8977
244.549 1.26515 23.5333
319.012 4.16853 34.5592
31.0058 2.58482 -6.57614
107.511 1.03256 1.46672
119.28 0.635827 3.08655
131.03 0.44938 5.12273
142.738 -0.120111 7.18253
154.37 -1.42324 8.94593
165.946 -2.43101 10.749
177.448 -2.68567 12.7761
188.873 -2.37873 14.6558
200.236 -2.00201 16.3161
211.491 -1.33364 18.1012
222.608 -0.219233 20.0463
233.618 1.08249 21.8708
244.548 2.10305 23.5079
251.825 2.17304 24.5602
255.422 2.40745 25.1025

32
95.7703 0.206223 0.619063
99.6703 0.0953145 1.08228
107.549 -0.142559 1.63759
119.315 -0.453003 3.25923
131.058 -0.67848 5.29402
142.759 -1.22906 7.3591
154.385 -2.49745 9.12134
165.955 -3.46992 10.9315
177.454 -3.67478 12.9499
188.878 -3.30336 14.8243
200.24 -2.85292 16.4763
211.493 -2.11695 18.2485
222.606 -0.952986 20.1857
233.612 0.37485 22.0019
244.541 1.4042 23.6374
318.979 4.04347 34.763
31.0553 2.69684 -6.42207
107.541 1.19215 1.62453
119.309 0.810273 3.24222
131.058 0.631918 5.27801
142.764 0.0723715 7.3387
154.395 -1.21901 9.09654
165.969 -2.21391 10.9028
177.467 -2.47191 12.917
188.89 -2.16384 14.7894
200.248 -1.78763 16.442
211.498 -1.11969 18.2188
222.609 -0.00160329 20.1589
233.612 1.30158 21.9755
244.538 2.32494 23.6065
251.813 2.39622 24.653
255.411 2.63152 25.1931

32
95.8118 0.332214 0.81177
99.7118 0.222249 1.27525
107.587 -0.0317207 1.8432
119.355 -0.316993 3.45074
131.094 -0.548809 5.48996
142.793 -1.07781 7.54303
154.417 -2.3297 9.30133
165.983 -3.27738 11.1086
177.478 -3.47279 13.1093
188.896 -3.08867 14.966
200.251 -2.63348 16.6085
211.499 -1.89694 18.3749
222.61 -0.730369 20.3034
233.611 0.600642 22.1112
244.535 1.63211 23.7333
318.954 4.28435 34.736
31.1191 2.83335 -6.22301
107.58 1.39638 1.82672
119.347 1.03327 3.44189
131.094 0.865135 5.47928
142.799 0.319755 7.53515
154.429 -0.958909 9.29196
165.998 -1.93636 11.097
177.493 -2.19876 13.0978
188.909 -1.88942 14.9596
200.26 -1.51314 16.6034
211.505 -0.845109 18.3714
222.612 0.276359 20.3013
233.61 1.58339 22.1102
244.529 2.6102 23.7335
251.8 2.68441 24.7728
255.395 2.92096 25.31

32
95.8645 0.50058 1.05749
99.7621 0.39242 1.52047
107.639 0.157656 2.08543
119.403 -0.142152 3.69505
131.14 -0.367019 5.73534
142.834 -0.889507 7.78813
154.456 -2.1156 9.53843
166.019 -3.02405 11.3464
177.508 -3.21225 13.3284
188.919 -2.82043 15.1766
200.268 -2.35661 16.8091
211.509 -1.6163 18.5641
222.614 -0.443375 20.484
233.606 0.892287 22.2819
244.523 1.92811 23.8959
318.917 4.59386 34.7967
31.2019 3.00536 -5.97428
107.629 1.65708 2.08487
119.395 1.31588 3.695
131.139 1.16378 5.73531
142.841 0.635135 7.78878
154.468 -0.626856 9.53784
166.034 -1.58313 11.3456
177.523 -1.85167 13.3276
188.932 -1.54018 15.1763
200.276 -1.16405 16.8092
211.514 -0.496161 18.5638
222.615 0.63115 20.4845
233.603 1.94373 22.2824
244.516 2.97598 23.8963
251.781 3.0544 24.9266
255.376 3.29298 25.4603

32
95.9332 0.70431 1.37865
99.8331 0.598303 1.84246
107.709 0.371584 2.40726
119.471 0.0742862 4.02044
131.201 -0.148041 6.05845
142.89 -0.658724 8.10801
154.509 -1.84978 9.85299
166.066 -2.70998 11.6593
177.549 -2.88504 13.6196
188.951 -2.48135 15.4515
200.29 -2.00755 17.0685
211.523 -1.25906 18.8094
222.619 -0.0790473 20.7157
233.601 1.26451 22.5015
244.508 2.30497 24.1035
318.863 5.00799 34.9097
31.2919 3.23186 -5.65144
107.694 1.98255 2.40733
119.459 1.67711 4.02049
131.196 1.54278 6.0589
142.894 1.03516 8.10865
154.519 -0.206249 9.85258
166.078 -1.13651 11.6581
177.561 -1.41192 13.6187
188.961 -1.09811 15.4513
200.297 -0.722617 17.068
211.526 -0.0534331 18.8096
222.618 1.08128 20.7156
233.595 2.40289 22.502
244.498 3.44204 24.1042
251.757 3.52719 25.123
255.35 3.76864 25.6524

32
96.0179 0.961167 1.78377
99.9194 0.857935 2.24845
107.795 0.643075 2.81591
119.555 0.346334 4.42962
131.278 0.130511 6.4695
142.961 -0.368662 8.51118
154.576 -1.51467 10.2494
166.125 -2.314 12.0539
177.599 -2.47322 13.9863
188.988 -2.05442 15.7968
200.315 -1.56607 17.3956
211.536 -0.809713 19.1178
222.62 0.381591 21.0082
233.59 1.73746 22.7801
244.487 2.78233 24.3668
318.79 5.54219 35.0571
31.4069 3.51413 -5.24956
107.773 2.39397 2.81607
119.536 2.13368 4.42913
131.267 2.02306 6.46975
142.961 1.53917 8.51171
154.582 0.324486 10.2486
166.134 -0.574761 12.0504
177.607 -0.858414 13.9836
188.995 -0.541883 15.7951
200.319 -0.16617 17.3943
211.537 0.503691 19.1164
222.617 1.64885 21.0078
233.581 2.98535 22.7799
244.473 4.03179 24.3652
251.726 4.12732 25.3718
255.316 4.37254 25.8957

32
96.1241 1.28358 2.29139
100.029 1.184 2.75746
107.905 0.984971 3.32588
119.66 0.689281 4.94347
131.371 0.480715 6.986
143.046 -0.00190542 9.01932
154.656 -1.09366 10.7459
166.197 -1.8171 12.5482
177.659 -1.95811 14.4442
189.034 -1.51975 16.2301
200.347 -1.01467 17.8053
211.555 -0.245592 19.5058
222.622 0.958204 21.3751
233.574 2.33516 23.1328
244.456 3.38626 24.6979
318.699 6.22409 35.2482
31.5447 3.86434 -4.75248
107.87 2.91198 3.32397
119.631 2.70691 4.9401
131.35 2.62684 6.98044
143.038 2.17074 9.01132
154.655 0.988987 10.7348
166.198 0.121794 12.5403
177.662 -0.170923 14.4388
189.037 0.150277 16.2268
200.347 0.525723 17.8021
211.552 1.19875 19.5036
222.614 2.35686 21.373
233.56 3.71843 23.1324
244.437 4.77149 24.696
251.684 4.88315 25.6884
255.27 5.13359 26.2056

32
96.2733 1.68296 2.9221
100.174 1.58817 3.39003
108.043 1.40883 3.96777
119.787 1.11417 5.58685
131.489 0.91897 7.63648
143.156 0.451208 9.64884
154.759 -0.565609 11.3705
166.287 -1.20258 13.1656
177.734 -1.31954 15.0176
189.089 -0.855378 16.7729
200.383 -0.328336 18.3185
211.574 0.457525 19.9904
222.622 1.68062 21.8342
233.551 3.0833 23.5754
244.417 4.14685 25.1132
318.581 7.09086 35.4979
31.7622 4.26707 -4.15235
107.992 3.54923 3.96665
119.745 3.4124 5.57147
131.455 3.36446 7.62576
143.138 2.93108 9.63912
154.748 1.79071 11.3648
166.279 0.969509 13.1611
177.729 0.672508 15.0145
189.086 1.00349 16.7712
200.377 1.37978 18.3179
211.565 2.05956 19.9894
222.607 3.2373 21.8344
233.53 4.63318 23.5748
244.39 5.69621 25.1138
251.629 5.83134 26.0867
255.212 6.08942 26.5958

32
96.4577 2.17342 3.70848
100.356 2.08415 4.17943
108.215 1.90017 4.78173
119.948 1.63762 6.38987
131.637 1.46375 8.44786
143.293 1.01539 10.4311
154.885 0.0910277 12.1478
166.393 -0.439312 13.9316
177.821 -0.526695 15.728
189.154 -0.0310398 17.4461
200.426 0.522324 18.9538
211.6 1.33262 20.5939
222.621 2.57735 22.4058
233.522 4.01938 24.1295
244.364 5.09692 25.6328
318.422 8.2014 35.8209
32.0319 4.76465 -3.4271
108.147 4.31512 4.78061
119.887 4.2389 6.3903
131.585 4.25037 8.44742
143.259 3.84643 10.4319
154.86 2.77519 12.1448
166.372 2.01283 13.9258
177.804 1.71349 15.7224
189.14 2.05694 17.4423
200.41 2.43593 18.9501
211.581 3.12596 20.5913
222.597 4.32845 22.4033
233.49 5.77224 24.1271
244.326 6.84815 25.6303
251.554 7.01599 26.5835
255.132 7.28445 27.0826

32
96.6792 2.78475 4.67633
100.574 2.70241 5.15144
108.422 2.52153 5.77664
120.144 2.29037 7.38341
131.816 2.13698 9.44865
143.459 1.71552 11.4031
155.036 0.90469 13.1094
166.521 0.502502 14.8766
177.926 0.450614 16.6051
189.231 0.985366 18.2763
200.476 1.57435 19.7406
211.618 2.41092 21.3367
222.606 3.69905 23.1186
233.473 5.1811 24.8139
244.293 6.28076 26.2794
318.224 9.59787 36.2018
32.3476 5.3594 -2.53514
108.324 5.26885 5.77218
120.052 5.27264 7.37297
131.734 5.34709 9.43147
143.398 4.97978 11.386
154.987 3.98675 13.0867
166.478 3.28643 14.8601
177.89 2.98509 16.5952
189.2 3.34581 18.2685
200.445 3.73098 19.7341
211.586 4.43254 21.3319
222.568 5.6814 23.1155
233.425 7.17674 24.8101
244.239 8.27535 26.2783
251.453 8.48147 27.2019
255.025 8.76321 27.689

32
96.947 3.52425 5.86718
100.838 3.45133 6.34832
108.67 3.2742 7.0094
120.383 3.08714 8.61623
132.039 2.95641 10.6736
143.668 2.57763 12.5974
155.218 1.91238 14.2984
166.672 1.65335 16.0357
178.048 1.64825 17.6845
189.316 2.23335 19.2984
200.529 2.86952 20.7084
211.634 3.72864 22.244
222.576 5.09117 24.0016
233.404 6.61473 25.6548
244.197 7.75039 27.0809
317.975 11.262 36.6409
32.734 6.03117 -1.44068
108.53 6.42391 6.99973
120.25 6.51117 8.58842
131.915 6.63804 10.6559
143.57 6.31815 12.5822
155.134 5.42393 14.2833
166.6 4.80633 16.0243
177.986 4.52171 17.6745
189.263 4.90889 19.2904
200.477 5.30751 20.7022
211.582 6.01566 22.2398
222.519 7.34754 23.996
233.334 8.89357 25.6482
244.121 10.0367 27.0744
251.321 10.2703 27.9571
254.884 10.5669 28.428

32
97.2675 4.39006 7.33203
101.152 4.33231 7.81784
108.975 4.1781 8.55224
120.683 4.04121 10.1035
132.312 3.96486 12.184
143.908 3.6258 14.0423
155.424 3.10736 15.7048
166.842 2.98235 17.3805
178.182 3.04227 18.9434
189.408 3.68409 20.4889
200.573 4.36474 21.8291
211.633 5.26091 23.3001
222.524 6.68798 25.0133
233.314 8.25353 26.6127
244.082 9.42879 27.9952
317.731 13.0857 37.0939
33.1994 6.7791 -0.139265
108.781 7.80419 8.53606
120.492 7.92715 10.0896
132.133 8.1737 12.1593
143.758 7.8975 14.0132
155.292 7.0885 15.6814
166.728 6.53994 17.3666
178.083 6.28944 18.9311
189.322 6.70499 20.4784
200.492 7.11415 21.8222
211.555 7.84071 23.2945
222.438 9.24222 25.0069
233.215 10.8353 26.6066
243.974 12.0299 27.9905
251.167 12.2817 28.8129
254.729 12.5931 29.2645

32
97.6376 5.35647 9.06231
101.529 5.31602 9.54792
109.343 5.2415 10.3007
121.031 5.09661 11.8294
132.613 5.09456 13.8924
144.173 4.80192 15.6648
155.648 4.41288 17.2517
167.022 4.41861 18.846
178.314 4.55581 20.3174
189.491 5.25557 21.7832
200.603 5.98515 23.0488
211.614 6.91649 24.4438
222.454 8.40469 26.1014
233.211 10.0038 27.637
243.923 11.2189 28.9653
317.238 14.9643 37.5308
33.7017 7.64474 1.65183
109.076 9.37681 10.2764
120.768 9.49356 11.812
132.364 9.82984 13.8746
143.957 9.58751 15.6446
155.457 8.86116 17.2317
166.857 8.38608 18.829
178.17 8.18488 20.3035
189.364 8.62826 21.7747
200.485 9.0549 23.0425
211.501 9.79811 24.4379
222.334 11.2602 26.0956
233.076 12.8899 27.6323
243.777 14.1376 28.9587
250.934 14.3971 29.7205
254.462 14.7181 30.1466

32
98.1093 6.30062 10.9865
101.982 6.29045 11.4597
109.763 6.42885 12.1784
121.394 6.20068 13.6903
132.931 6.27276 15.7122
144.448 6.03598 17.37
155.877 5.76125 18.8536
167.197 5.87551 20.3417
178.435 6.09955 21.7254
189.553 6.85411 23.1082
200.609 7.63348 24.2951
211.571 8.60272 25.6095
222.373 10.1324 27.198
233.083 11.757 28.6648
243.744 13.0144 29.934
316.755 16.8419 37.9523
34.3695 8.51031 3.83091
109.403 11.0391 12.1468
121.044 11.1109 13.6701
132.598 11.5275 15.6873
144.155 11.3166 17.3472
155.617 10.6426 18.8361
166.972 10.2247 20.3303
178.237 10.0919 21.7146
189.378 10.5652 23.0976
200.448 11.0113 24.285
211.418 11.7763 25.6013
222.214 13.2718 27.192
232.909 14.9321 28.6599
243.557 16.2292 29.9283
250.677 16.4959 30.6262
254.188 16.8275 31.028

32
98.5837 7.26514 12.9661
102.435 7.27722 13.4222
110.176 7.53463 14.1066
121.757 7.28186 15.5888
133.255 7.42447 17.5034
144.723 7.26685 19.0782
156.096 7.1031 20.4558
167.357 7.31862 21.8376
178.535 7.634 23.1348
189.596 8.44867 24.4344
200.601 9.27386 25.5386
211.521 10.286 26.7746
222.273 11.8547 28.2904
232.923 13.5121 29.6947
243.531 14.813 30.8995
316.296 18.7445 38.3691
35.0056 9.9608 6.0004
109.718 12.5504 14.095
121.319 12.6635 15.5765
132.836 13.1271 17.4889
144.35 12.9761 19.0631
155.762 12.3783 20.4415
167.069 12.0279 21.8279
178.281 11.967 23.1256
189.37 12.4709 24.4265
200.393 12.9365 25.5311
211.324 13.7302 26.7681
222.072 15.2598 28.2854
232.705 16.9577 29.6878
243.3 18.3035 30.8935
250.395 18.58 31.5302
253.901 18.9244 31.9089

32
99.0301 8.22573 14.9395
102.87 8.25555 15.378
110.587 8.47041 16.0736
122.135 8.35825 17.4539
133.583 8.5583 19.3026
144.989 8.48866 20.7884
156.301 8.43743 22.0569
167.502 8.74998 23.3348
178.62 9.15847 24.5458
189.626 10.0342 25.7614
200.582 10.9059 26.7831
211.454 11.9612 27.9397
222.146 13.5751 29.3848
232.739 15.2707 30.7235
243.301 16.6122 31.8651
315.817 20.6697 38.7822
35.5701 11.62 8.12498
110.027 13.9081 16.0643
121.599 14.1862 17.4395
133.072 14.6711 19.2853
144.529 14.5853 20.7718
155.89 14.0762 22.0376
167.145 13.8007 23.3198
178.303 13.8134 24.5337
189.343 14.348 25.7525
200.323 14.8344 26.776
211.209 15.6587 27.9333
221.899 17.2286 29.3799
232.475 18.9646 30.7174
243.022 20.3585 31.859
250.1 20.6512 32.4354
253.597 21.0085 32.79

32
99.5218 9.15357 16.9017
103.355 9.20362 17.3252
111.034 9.3304 18.0092
122.524 9.43213 19.3244
133.901 9.67466 21.1048
145.245 9.699 22.4987
156.496 9.76433 23.6576
167.636 10.1703 24.8325
178.693 10.6735 25.957
189.645 11.6101 27.0878
200.549 12.5296 28.0268
211.361 13.6321 29.1065
221.992 15.2934 30.4813
232.532 17.0278 31.7497
243.056 18.4136 32.8293
315.307 22.6099 39.2115
36.191 13.0538 10.3279
110.372 15.1882 18.003
121.888 15.673 19.2986
133.296 16.1473 21.0879
144.696 16.1363 22.483
156.005 15.7217 23.6401
167.206 15.5306 24.8207
178.311 15.6255 25.9463
189.304 16.1948 27.0795
200.236 16.7075 28.02
211.067 17.5658 29.1
221.696 19.178 30.4749
232.219 20.9493 31.744
242.727 22.3957 32.8242
249.79 22.7084 33.3404
253.279 23.0799 33.6711

32
100.026 10.0292 18.8652
103.839 10.1039 19.2728
111.473 10.2003 19.9436
122.895 10.4692 21.201
134.212 10.7778 22.9036
145.494 10.8994 24.2066
156.683 11.0835 25.2594
167.757 11.5794 26.3304
178.754 12.1789 27.3682
189.649 13.1776 28.4142
200.493 14.148 29.2711
211.241 15.3003 30.2734
221.813 17.009 31.5779
232.307 18.7815 32.7745
242.799 20.2161 33.7941
314.774 24.5785 39.6266
36.889 14.0443 12.583
110.71 16.4678 19.9296
122.162 17.0529 21.1776
133.513 17.5589 22.894
144.857 17.6332 24.196
156.11 17.3186 25.247
167.255 17.226 26.3209
178.304 17.4057 27.3592
189.246 18.0131 28.4074
200.124 18.5595 29.2654
210.894 19.4531 30.2671
221.467 21.1049 31.572
231.944 22.9116 32.7693
242.417 24.4155 33.7876
249.464 24.7511 34.2455
252.945 25.138 34.5525

32
100.524 10.8632 20.8299
104.317 10.9647 21.2209
111.914 11.0952 21.8693
123.277 11.4632 23.0748
134.532 11.8534 24.7021
145.744 12.0928 25.9175
156.86 12.3976 26.8577
167.87 12.9787 27.8262
178.806 13.6759 28.7771
189.633 14.7374 29.7372
200.406 15.764 30.5163
211.092 16.966 31.4386
221.617 18.7192 32.67
232.073 20.5326 33.8019
242.531 22.0186 34.7585
314.224 26.5651 40.0459
37.5866 14.7964 14.8397
111.05 17.7304 21.8517
122.447 18.3278 23.0623
133.741 18.9258 24.6898
145.017 19.0934 25.9057
156.205 18.8812 26.85
167.292 18.8927 27.818
178.286 19.1596 28.7715
189.165 19.8088 29.733
199.978 20.393 30.5109
210.691 21.3213 31.4344
221.218 23.0094 32.667
231.659 24.8537 33.7977
242.095 26.4156 34.7531
249.125 26.7786 35.1502
252.597 27.1819 35.4327

32
101.015 11.6687 22.7924
104.793 11.7987 23.1669
112.354 11.9872 23.789
123.658 12.4271 24.946
134.845 12.9349 26.4966
145.986 13.2839 27.6266
157.03 13.6875 28.462
167.963 14.3622 29.3245
178.815 15.1616 30.1922
189.571 16.2881 31.0695
200.289 17.3667 31.763
210.93 18.6224 32.6051
221.41 20.4255 33.7641
231.822 22.2809 34.8277
242.245 23.8196 35.723
313.675 28.5549 40.4628
38.2587 15.4887 17.0752
111.386 18.9528 23.761
122.729 19.5489 24.9344
133.96 20.2599 26.4792
145.168 20.52 27.6083
156.289 20.4111 28.4465
167.304 20.5293 29.3129
178.222 20.89 30.1812
189.037 21.5805 31.0591
199.8 22.2016 31.7544
210.472 23.1699 32.5983
220.957 24.8976 33.7584
231.354 26.7774 34.8231
241.755 28.3981 35.7218
248.768 28.7859 36.0522
252.236 29.2058 36.3106

32
101.567 12.4352 24.7408
105.317 12.5982 25.1
112.823 12.8761 25.699
124.045 13.3778 26.8133
135.151 14.0142 28.29
146.212 14.4697 29.3357
157.176 14.9729 30.0662
168.033 15.7344 30.8267
178.812 16.637 31.6073
189.504 17.8315 32.3987
200.166 18.9632 33.0081
210.757 20.2721 33.7699
221.195 22.1278 34.8569
231.561 24.0254 35.8513
241.925 25.6172 36.687
312.923 30.5025 40.8467
39.0996 16.0329 19.2761
111.762 20.0725 25.6852
123.026 20.7336 26.7984
134.177 21.5394 28.2712
145.307 21.887 29.3215
156.353 21.8952 30.0573
167.296 22.1282 30.8192
178.145 22.5863 31.5999
188.902 23.3221 32.3927
199.614 23.9845 33.0027
210.24 24.9959 33.7656
220.687 26.765 34.8518
231.039 28.6822 35.8465
241.377 30.3674 36.6817
248.346 30.7629 36.9517
251.786 31.195 37.1845

32
102.103 13.1755 26.6922
105.829 13.3706 27.037
113.283 13.6939 27.6264
124.424 14.2976 28.6878
135.446 15.083 30.0851
146.42 15.6518 31.0447
157.301 16.2548 31.6692
168.082 17.101 32.3242
178.792 18.1057 33.0171
189.425 19.3682 33.7234
200.036 20.5522 34.2509
210.577 21.9119 34.9372
220.947 23.8168 35.9509
231.247 25.7601 36.8761
241.559 27.4074 37.6434
312.247 32.4797 41.2505
39.9003 16.6854 21.4051
112.135 21.0935 27.6225
123.322 21.8404 28.6791
134.389 22.7465 30.0761
145.432 23.2127 31.0328
156.396 23.358 31.6583
167.264 23.7059 32.3146
178.049 24.2587 33.0106
188.754 25.0414 33.7197
199.421 25.7477 34.2481
210.001 26.8021 34.9325
220.383 28.6048 35.9476
230.671 30.5594 36.871
240.954 32.3118 37.6336
247.909 32.7209 37.847
251.343 33.1694 38.0551

32
102.633 13.9113 28.6366
106.335 14.1383 28.9674
113.738 14.5027 29.5426
124.798 15.216 30.5556
135.733 16.1293 31.8864
146.622 16.8189 32.7597
157.423 17.5178 33.279
168.129 18.4496 33.8299
178.769 19.5556 34.4362
189.334 20.8871 35.0549
199.877 22.1271 35.5007
210.353 23.5433 36.1043
220.666 25.4984 37.043
230.916 27.4873 37.8964
241.186 29.1958 38.6
311.55 34.4668 41.6579
40.7126 17.1217 23.6215
112.498 22.1357 29.5179
123.607 22.9316 30.5397
134.593 23.914 31.8716
145.552 24.4916 32.7464
156.437 24.7795 33.2659
167.231 25.2473 33.817
177.95 25.9001 34.426
188.592 26.736 35.0478
199.197 27.4894 35.4933
209.717 28.5865 36.0961
220.046 30.4235 37.0369
230.285 32.4129 37.8931
240.525 34.2296 38.597
247.46 34.6625 38.7438
250.886 35.1282 38.9271

32
103.185 14.5913 30.5854
106.858 14.8574 30.9012
114.202 15.2754 31.4622
125.17 16.1285 32.4243
136.013 17.1765 33.6789
146.815 17.9838 34.4692
157.531 18.7799 34.8839
168.16 19.7963 35.3315
178.729 21.0015 35.8489
189.231 22.4006 36.3794
199.709 23.6964 36.7428
210.111 25.1689 37.2667
220.36 27.1725 38.1319
230.559 29.2066 38.9162
240.795 30.9828 39.556
310.821 36.4565 42.0693
41.5738 17.6067 25.7469
112.893 23.0034 31.4649
123.908 23.9601 32.417
134.802 25.0254 33.6766
145.67 25.7297 34.4623
156.468 26.168 34.873
167.183 26.7549 35.3222
177.834 27.5117 35.8449
188.419 28.4073 36.3808
198.963 29.2105 36.743
209.414 30.3476 37.265
219.683 32.2171 38.1279
229.873 34.2455 38.9101
240.077 36.1308 39.5493
246.995 36.5887 39.6421
250.413 37.0722 39.8016

32
103.733 15.2566 32.5299
107.378 15.5595 32.8323
114.665 16.0219 33.383
125.539 17.0109 34.2974
136.283 18.1876 35.4856
146.989 19.1366 36.1867
157.614 20.0357 36.4916
168.155 21.1366 36.8344
178.635 22.4318 37.2673
189.06 23.8931 37.7135
199.476 25.2455 37.9917
209.831 26.7791 38.4341
220.036 28.835 39.2239
230.194 30.9215 39.9362
240.392 32.7687 40.5118
310.078 38.4476 42.4832
42.4366 17.9516 27.9137
113.273 23.927 33.3639
124.199 24.9499 34.2846
134.999 26.1087 35.4752
145.77 26.9391 36.1767
156.475 27.5262 36.4766
167.1 28.2382 36.8167
177.664 29.0998 37.2528
188.175 30.0565 37.7024
198.663 30.9083 37.9815
209.072 32.0866 38.4257
219.303 33.9868 39.2192
229.455 36.0561 39.9329
239.619 38.0148 40.5087
246.52 38.4998 40.5304
249.929 39.0024 40.6634

32
104.288 15.9007 34.471
107.903 16.2448 34.7587
115.132 16.7731 35.2954
125.907 17.9011 36.1559
136.548 19.2035 37.2835
147.148 20.2838 37.9027
157.677 21.2851 38.1026
168.132 22.4722 38.34
178.534 23.8543 38.6847
188.89 25.3785 39.0429
199.245 26.791 39.2343
209.546 28.3863 39.5946
219.703 30.4932 40.3091
229.818 32.6312 40.9537
239.978 34.5523 41.4679
309.311 40.4484 42.9014
43.363 18.093 30.0905
113.683 24.733 35.2951
124.505 25.9025 36.1492
135.2 27.1563 37.2775
145.864 28.1124 37.8957
156.468 28.8364 38.0933
167.005 29.6692 38.3338
177.489 30.6443 38.6792
187.936 31.6733 39.0391
198.366 32.5802 39.2303
208.726 33.8041 39.5896
218.914 35.7391 40.3065
229.025 37.8492 40.9504
239.148 39.8844 41.4645
246.033 40.3863 41.4344
249.432 40.9065 41.5444

32
104.838 16.4976 36.4212
108.418 16.8845 36.6963
115.576 17.4769 37.2238
126.239 18.7498 38.0447
136.773 20.2035 39.0914
147.275 21.422 39.6211
157.714 22.5316 39.711
168.087 23.8053 39.8428
178.416 25.2688 40.1023
188.709 26.8525 40.3747
199.005 28.3251 40.4794
209.251 29.9825 40.7597
219.358 32.1388 41.4036
229.427 34.3318 41.9759
239.547 36.3308 42.4228
308.535 42.4591 43.3183
44.2556 18.3848 32.2021
114.056 25.5406 37.208
124.773 26.7938 38.0349
135.363 28.171 39.0835
145.926 29.2615 39.6105
156.436 30.1269 39.6952
166.887 31.0908 39.8192
177.297 32.1694 40.084
187.683 33.2691 40.3628
198.06 34.2304 40.4723
208.371 35.4981 40.755
218.514 37.4697 41.3989
228.581 39.6227 41.9727
238.663 41.736 42.4123
245.531 42.2553 42.3274
248.922 42.794 42.412

32
105.382 17.1033 38.3623
108.927 17.5323 38.6242
116.017 18.2011 39.1379
126.572 19.6044 39.9175
136.999 21.1933 40.897
147.4 22.5477 41.342
157.746 23.7634 41.3251
168.034 25.129 41.3501
178.285 26.6777 41.5206
188.512 28.3202 41.7055
198.75 29.8477 41.7241
208.944 31.5694 41.9174
219.006 33.7806 42.487
229.029 36.0277 42.994
239.105 38.103 43.3747
307.714 44.4763 43.7415
45.223 18.3514 34.3786
114.454 26.2625 39.1391
125.055 27.6628 39.9101
135.535 29.1529 40.8877
145.996 30.3656 41.332
156.41 31.3561 41.318
166.772 32.4374 41.3448
177.101 33.6439 41.511
187.419 34.83 41.6959
197.741 35.852 41.7189
208.005 37.1718 41.9169
218.106 39.1844 42.4861
228.13 41.3812 42.9915
238.168 43.5584 43.3754
245.011 44.1055 43.2233
248.392 44.6623 43.283

32
105.933 17.6406 40.3161
109.443 18.1175 40.5638
116.467 18.8615 41.0693
126.912 20.4274 41.796
137.228 22.1759 42.7025
147.526 23.6703 43.0591
157.779 24.9952 42.9325
167.982 26.4528 42.8516
178.152 28.0848 42.9367
188.308 29.7851 43.0344
198.481 31.357 42.9699
208.613 33.1314 43.0873
218.617 35.4029 43.5803
228.592 37.7104 44.0127
238.632 39.8602 44.33
306.892 46.5214 44.1547
46.1151 18.6508 36.4741
114.848 26.9602 41.0603
125.346 28.4652 41.7908
135.718 30.0916 42.6969
146.073 31.4396 43.0521
156.387 32.5773 42.9196
166.658 33.7805 42.8369
176.905 35.0952 42.9208
187.15 36.3644 43.0206
197.409 37.4472 42.9633
207.614 38.8187 43.0822
217.663 40.8735 43.574
227.643 43.1159 44.005
237.645 45.3587 44.3236
244.474 45.9371 44.1169
247.847 46.5132 44.1524

32
106.486 18.2014 42.2557
109.957 18.7217 42.4915
116.908 19.5328 42.9897
127.23 21.2446 43.6743
137.424 23.14 44.516
147.608 24.7728 44.7861
157.761 26.2076 44.5513
167.877 27.7594 44.3625
177.974 29.4805 44.3558
188.069 31.2406 44.3651
198.19 32.8548 44.2149
208.271 34.6854 44.2476
218.222 37.0213 44.6657
228.148 39.3898 45.0261
238.148 41.6092 45.2813
306.026 48.5748 44.5823
47.1741 18.3046 38.6584
115.254 27.6283 42.986
125.623 29.2588 43.6665
135.874 30.9967 44.5085
146.113 32.4724 44.7793
156.321 33.736 44.546
166.5 35.0635 44.3548
176.67 36.4956 44.3436
186.853 37.8558 44.3515
197.057 39.0142 44.2062
207.213 40.4456 44.2431
217.215 42.5432 44.6605
227.151 44.8279 45.0225
237.11 47.1388 45.2836
243.921 47.7509 45.0095
247.285 48.3471 45.0197

32
106.994 18.6948 44.2214
110.427 19.266 44.4424
117.306 20.1663 44.9297
127.511 22.0449 45.5642
137.593 24.0996 46.3262
147.674 25.8756 46.5058
157.732 27.4224 46.1598
167.763 29.0664 45.8649
177.783 30.8738 45.7702
187.813 32.6919 45.6927
197.879 34.342 45.4626
207.908 36.225 45.4142
217.809 38.6304 45.7531
227.69 41.0615 46.0441
237.652 43.3512 46.2356
305.171 50.6393 45.0002
48.0639 18.3942 40.7851
115.614 28.2365 44.9208
125.872 29.9852 45.561
136.01 31.8675 46.322
146.141 33.4893 46.4988
156.247 34.8932 46.1479
166.337 36.3328 45.8519
176.428 37.8648 45.7575
186.543 39.31 45.6804
196.688 40.5483 45.4501
206.793 42.0462 45.4064
216.751 44.1893 45.7474
226.647 46.5175 46.0321
236.564 48.9128 46.2352
243.358 49.5486 45.903
246.713 50.1655 45.8892

32
107.51 19.2046 46.1743
110.904 19.8216 46.3826
117.714 20.7912 46.8629
127.799 22.8289 47.452
137.765 25.033 48.1439
147.741 26.9537 48.2355
157.702 28.6136 47.7801
167.645 30.3573 47.3767
177.586 32.2553 47.1915
187.55 34.1368 47.0232
197.559 35.8313 46.7057
207.537 37.7636 46.577
217.386 40.2326 46.838
227.221 42.7266 47.0527
237.143 45.092 47.1933
304.287 52.7021 45.4143
49.0943 17.9784 42.9701
116.003 28.7913 46.8611
126.13 30.7118 47.4422
136.155 32.7033 48.1351
146.178 34.4576 48.2286
156.183 35.9879 47.7743
166.178 37.5518 47.3677
176.187 39.1927 47.1793
186.233 40.7291 47.0099
196.317 42.054 46.6909
206.367 43.626 46.5638
216.28 45.8124 46.8311
226.138 48.1743 47.0553
236.005 50.6834 47.1878
242.785 51.3297 46.7938
246.131 51.9692 46.754

32
108.037 19.6436 48.1369
111.393 20.3169 48.3301
118.128 21.4017 48.7946
128.093 23.6072 49.3356
137.942 25.9715 49.9511
147.808 28.0386 49.9523
157.669 29.8088 49.3892
167.519 31.6492 48.8791
177.38 33.6353 48.6048
187.277 35.5771 48.3505
197.228 37.3198 47.9487
207.152 39.3024 47.7371
216.953 41.8235 47.9262
226.742 44.3725 48.0762
236.618 46.8415 48.1402
303.4 54.7311 45.8564
50.0148 18.022 45.1038
116.4 29.3075 48.7913
126.412 31.3541 49.3353
136.317 33.503 49.9506
146.222 35.419 49.9458
156.118 37.0799 49.3787
166.017 38.7517 48.8693
175.944 40.4889 48.5979
185.92 42.1113 48.3431
195.941 43.5228 47.9386
205.935 45.1745 47.7273
215.803 47.4059 47.9146
225.619 49.8105 48.0673
235.433 52.4452 48.1294
242.201 53.091 47.6889
245.537 53.7534 47.6254

32
108.542 20.0846 50.0995
111.854 20.8077 50.2798
118.51 21.9826 50.7389
128.346 24.3486 51.2336
138.073 26.8689 51.7779
147.83 29.0906 51.6874
157.599 30.9801 51.0092
167.37 32.9224 50.3899
177.158 34.9988 50.0269
186.992 37.0078 49.6821
196.886 38.8057 49.1924
206.758 40.8392 48.8994
216.51 43.4067 49.0116
226.252 46.0112 49.0896
236.078 48.5952 49.0964
302.497 56.7324 46.258
51.1004 17.3501 47.2893
116.773 29.8043 50.736
126.651 31.9861 51.2275
136.433 34.2676 51.7703
146.23 36.3206 51.68
156.028 38.1128 51.0028
165.841 39.9091 50.3805
175.692 41.7562 50.0137
185.6 43.4687 49.6676
195.561 44.9644 49.1771
205.499 46.6951 48.8826
215.322 48.9632 49.0064
225.094 51.4208 49.0861
234.852 54.1759 49.072
241.605 54.8342 48.5793
244.93 55.5216 48.4903

32
108.992 20.4866 52.0801
112.267 21.2654 52.2441
118.858 22.5454 52.6889
128.58 25.0875 53.1265
138.195 27.7785 53.5894
147.85 30.1475 53.4096
157.528 32.1515 52.6215
167.215 34.1941 51.8938
176.928 36.3615 51.44
186.697 38.4355 51.0083
196.534 40.2884 50.4333
206.354 42.3738 50.0595
216.063 44.9803 50.1021
225.761 47.6424 50.1105
235.533 50.361 50.042
301.624 58.6623 46.7334
51.9681 17.1665 49.485
117.121 30.2279 52.6863
126.887 32.5582 53.1269
136.554 35.0073 53.5871
146.243 37.2084 53.4042
155.941 39.1342 52.6137
165.667 41.0398 51.8883
175.44 42.9874 51.4362
185.28 44.7873 51.0031
195.18 46.3654 50.4266
205.062 48.1737 50.0469
214.841 50.4954 50.0889
224.57 53.0101 50.0985
234.279 55.8579 50.0297
241.011 56.5615 49.4772
244.323 57.2754 49.3645

32
109.461 20.8613 54.0576
112.697 21.6945 54.2069
119.219 23.0731 54.6413
128.823 25.792 55.0277
138.325 28.649 55.4142
147.871 31.181 55.1397
157.45 33.3095 54.2386
167.049 35.4506 53.4037
176.687 37.7082 52.8615
186.393 39.8525 52.34
196.174 41.7626 51.6796
205.943 43.9026 51.2224
215.607 46.5511 51.1895
225.259 49.2707 51.1284
234.975 52.1166 50.9908
300.717 60.612 47.1999
53.0256 16.3481 51.703
117.486 30.628 54.638
127.128 33.1269 55.019
136.686 35.7005 55.4075
146.264 38.0549 55.1348
155.855 40.1197 54.232
165.485 42.1481 53.3911
175.18 44.2007 52.8456
184.954 46.0865 52.3243
194.797 47.7416 51.6662
204.627 49.6143 51.2137
214.358 51.9935 51.1798
224.043 54.5685 51.117
233.703 57.4902 50.9798
240.404 58.2724 50.367
243.702 59.0159 50.2283

32
109.951 21.2254 56.0283
113.147 22.117 56.1621
119.592 23.6206 56.5798
129.069 26.5106 56.9152
138.449 29.5258 57.2293
147.882 32.2094 56.8651
157.361 34.4599 55.8531
166.874 36.7023 54.9099
176.436 39.0523 54.2772
186.078 41.267 53.6652
195.805 43.2331 52.9207
205.524 45.4258 52.3849
215.145 48.12 52.2779
224.753 50.8984 52.1433
234.421 53.8496 51.9453
299.819 62.6786 47.656
53.979 16.066 53.8852
117.886 30.9583 56.5822
127.398 33.6186 56.9188
136.824 36.37 57.2275
146.28 38.8884 56.8582
155.766 41.0821 55.8442
165.307 43.2132 54.9036
174.923 45.3677 54.2722
184.63 47.3446 53.6599
194.413 49.0822 52.9143
204.191 51.0283 52.3745
213.878 53.4649 52.2654
223.52 56.0971 52.1313
233.142 59.0699 51.9378
239.809 59.9626 51.2603
243.095 60.7387 51.0966

32
110.368 21.5214 58.0238
113.523 22.4721 58.1416
119.9 24.0857 58.5495
129.259 27.1687 58.8274
138.529 30.3702 59.0563
147.864 33.217 58.5957
157.257 35.5962 57.4695
166.688 37.9446 56.4166
176.176 40.3876 55.6949
185.754 42.6692 54.9972
195.425 44.6936 54.1671
205.092 46.9434 53.5477
214.668 49.6855 53.3661
224.234 52.5149 53.1629
233.854 55.554 52.9007
298.897 64.8764 48.1134
55.0047 15.0839 56.1229
118.211 31.2691 58.548
127.602 34.0936 58.8226
136.924 36.9957 59.0522
146.278 39.6743 58.5895
155.671 42.0057 57.4618
165.123 44.2626 56.4047
174.662 46.5227 55.6804
184.301 48.5822 54.9844
194.025 50.3965 54.1574
203.75 52.4105 53.5406
213.392 54.9031 53.3582
222.993 57.5846 53.1496
232.579 60.5986 52.8871
239.207 61.6109 52.1499
242.48 62.419 51.9601

32
110.778 21.8271 60.0156
113.898 22.8365 60.1166
120.214 24.5611 60.5048
129.46 27.8284 60.7278
138.617 31.203 60.8803
147.847 34.2126 60.3268
157.146 36.7209 59.0877
166.494 39.1757 57.9255
175.907 41.7157 57.1122
185.421 44.0691 56.3253
195.035 46.1512 55.4099
204.65 48.4564 54.7084
214.179 51.2484 54.4494
223.705 54.1219 54.1768
233.282 57.2299 53.8491
297.947 67.1858 48.5295
55.8973 14.5478 58.3876
118.565 31.505 60.506
127.838 34.5091 60.728
137.04 37.5922 60.8763
146.285 40.431 60.3205
155.578 42.8943 59.0826
164.944 45.263 57.9205
174.404 47.6321 57.1055
183.972 49.7884 56.3147
193.635 51.6855 55.4
203.305 53.7708 54.6993
212.9 56.3188 54.4406
222.466 59.0311 54.1715
232.02 62.0686 53.8492
238.606 63.2016 53.0492
241.866 64.0383 52.8347

32
111.222 22.0615 62.0072
114.305 23.1382 62.0912
120.549 25.0083 62.4619
129.675 28.4702 62.6283
138.71 32.0328 62.6989
147.826 35.2071 62.0518
157.026 37.8421 60.7012
166.29 40.4012 59.4305
175.631 43.0371 58.5274
185.081 45.4649 57.6524
194.637 47.6048 56.654
204.198 49.9614 55.8724
213.679 52.7992 55.5404
223.164 55.7114 55.1993
232.701 58.8644 54.8113
296.96 69.5441 48.9631
57.0234 13.3274 60.6253
118.932 31.7499 62.4637
128.092 34.9058 62.6282
137.17 38.1657 62.6971
146.296 41.1721 62.0471
155.481 43.7748 60.6921
164.759 46.2516 59.4234
174.145 48.7228 58.5215
183.647 50.9667 57.6469
193.246 52.9465 56.647
202.859 55.1005 55.8652
212.405 57.7016 55.53
221.934 60.446 55.187
231.462 63.4902 54.7958
238.007 64.7363 53.9479
241.255 65.5976 53.7093

32
111.63 22.281 64.0057
114.671 23.4207 64.0734
120.845 25.4155 64.4294
129.848 29.0757 64.5402
138.77 32.8256 64.53
147.788 36.1718 63.7861
156.899 38.946 62.3205
166.081 41.6132 60.9404
175.347 44.3454 59.947
184.734 46.8513 58.9821
194.233 49.0553 57.8983
203.741 51.4643 57.0353
213.174 54.3476 56.6281
222.617 57.2947 56.2166
232.119 60.473 55.7624
295.98 71.8622 49.3926
58.0084 12.483 62.8854
119.285 31.8849 64.4307
128.311 35.2465 64.5396
137.273 38.6934 64.5255
146.296 41.8704 63.7787
155.39 44.6069 62.3144
164.578 47.2108 60.9307
173.884 49.792 59.935
183.32 52.1276 58.97
192.859 54.1888 57.8865
202.416 56.4103 57.0256
211.914 59.0572 56.6214
221.405 61.8274 56.212
230.914 64.8544 55.762
237.413 66.2179 54.8393
240.651 67.1012 54.5737

32
112 22.4876 66.0113
115.006 23.6911 66.0612
121.124 25.8049 66.3964
130.012 29.6713 66.4483
138.825 33.6107 66.3559
147.742 37.1303 65.5167
156.761 40.043 63.9372
165.86 42.8198 62.4475
175.053 45.6484 61.3636
184.379 48.2313 60.3094
193.824 50.5024 59.1406
203.285 52.9661 58.1985
212.672 55.8948 57.7184
222.07 58.8716 57.2376
231.535 62.053 56.7182
295.014 74.097 49.8483
59.0348 11.2964 65.17
119.62 31.9968 66.4016
128.528 35.5628 66.4484
137.38 39.192 66.351
146.298 42.5409 65.5103
155.295 45.4187 63.9322
164.397 48.1385 62.4397
173.627 50.8251 61.3562
182.996 53.2535 60.3017
192.477 55.3998 59.1327
201.983 57.6964 58.1884
211.435 60.3968 57.707
220.883 63.1916 57.2295
230.371 66.1845 56.7196
236.823 67.6367 55.7401
240.052 68.5345 55.4503

32
112.402 22.6138 68.0162
115.37 23.891 68.0484
121.416 26.1658 68.3644
130.185 30.2446 68.3569
138.876 34.3837 68.1818
147.683 38.0782 67.2468
156.609 41.1308 65.552
165.628 44.0182 63.9533
174.751 46.9442 62.7805
184.014 49.6018 61.6396
193.405 51.9407 60.3858
202.816 54.4627 59.3625
212.162 57.4363 58.8088
221.526 60.4412 58.2595
230.961 63.6179 57.6818
294.038 76.2261 50.2884
60.0723 10.1624 67.4527
119.994 32.0236 68.3686
128.764 35.8284 68.3585
137.494 39.653 68.1795
146.292 43.193 67.2389
155.191 46.2138 65.5437
164.213 49.0391 63.9497
173.368 51.8391 62.7722
182.671 54.3554 61.6301
192.093 56.5836 60.3782
201.547 58.9524 59.3546
210.958 61.7037 58.7987
220.373 64.5307 58.2495
229.84 67.5002 57.6707
236.254 69.0035 56.641
239.468 69.9082 56.3271

32
112.782 22.7225 70.0249
115.713 24.0707 70.0392
121.694 26.4929 70.3363
130.348 30.789 70.2695
138.926 35.1306 70.0101
147.626 39.007 68.9803
156.454 42.2006 67.1726
165.389 45.2013 65.463
174.438 48.2323 64.1977
183.64 50.9688 62.9677
192.974 53.3739 61.6296
202.335 55.9548 60.5258
211.639 58.9721 59.898
220.971 62.0009 59.2805
230.385 65.1638 58.6408
293.103 78.3038 50.7361
61.134 8.88466 69.7605
120.346 32.0366 70.3405
129.003 36.0359 70.2709
137.611 40.0821 70.006
146.302 43.7967 68.9738
155.097 46.9653 67.1654
164.027 49.922 65.4535
173.108 52.8294 64.1875
182.346 55.4347 62.9581
191.707 57.7456 61.6197
201.109 60.1848 60.5173
210.479 62.9818 59.89
219.861 65.8372 59.2734
229.318 68.7726 58.6379
235.7 70.3218 57.538
238.904 71.2317 57.1983

32
113.146 22.7914 72.0273
116.041 24.2134 72.0235
121.958 26.7888 72.2995
130.493 31.3069 72.1729
138.957 35.8554 71.8311
147.554 39.918 70.7037
156.291 43.2575 68.7823
165.146 46.3702 66.9633
174.121 49.5044 65.6075
183.259 52.3239 64.2888
192.536 54.7957 62.8671
201.845 57.4343 61.6824
211.107 60.4931 60.9806
220.409 63.5417 60.296
229.812 66.6787 59.5931
292.223 80.3245 51.1941
62.2597 7.31896 72.0386
120.69 31.9908 72.3067
129.227 36.2125 72.1744
137.719 40.4655 71.827
146.3 44.3783 70.6952
155.003 47.6897 68.7752
163.85 50.7641 66.9554
172.854 53.7818 65.6001
182.024 56.4853 64.2781
191.325 58.8752 62.8572
200.671 61.3863 61.6737
209.999 64.2291 60.9714
219.35 67.1108 60.2875
228.804 70.0056 59.593
235.164 71.5798 58.4413
238.365 72.4909 58.0785

32
113.49 22.8125 74.0027
116.351 24.3114 73.9806
122.206 27.0453 74.2337
130.626 31.7913 74.0483
138.977 36.5493 73.6247
147.471 40.7988 72.4012
156.121 44.287 70.3671
164.897 47.5129 68.4405
173.803 50.7478 66.9954
182.878 53.6516 65.5891
192.097 56.193 64.0858
201.354 58.8865 62.82
210.574 61.9805 62.0456
219.847 65.0481 61.2931
229.242 68.1452 60.5328
291.369 82.2202 51.6364
63.3475 5.74492 74.3104
121.035 31.8675 74.2399
129.447 36.3338 74.0504
137.823 40.8045 73.6203
146.301 44.9065 72.395
154.911 48.3739 70.3618
163.676 51.568 68.4339
172.607 54.6972 66.9881
181.712 57.4899 65.5827
190.951 59.9632 64.0792
200.241 62.544 62.8114
209.527 65.4275 62.043
218.849 68.3368 61.2875
228.297 71.1929 60.5282
234.642 72.7716 59.3215
237.84 73.6801 58.934

32
113.85 22.7912 75.913
116.675 24.3682 75.8734
122.459 27.2759 76.1076
130.764 32.2453 75.8634
138.999 37.2079 75.3605
147.387 41.6386 74.0462
155.946 45.2731 71.9022
164.646 48.6128 69.8716
173.486 51.9465 68.3391
182.502 54.9304 66.8484
191.67 57.5452 65.2642
200.874 60.2931 63.9263
210.054 63.4102 63.0785
219.293 66.4941 62.2612
228.687 69.546 61.4394
290.567 83.952 52.0999
64.5119 4.07257 76.497
121.382 31.7258 76.1152
129.676 36.4176 75.8659
137.933 41.1051 75.356
146.3 45.4004 74.0392
154.818 49.0155 71.8963
163.506 52.326 69.8659
172.366 55.5663 68.3305
181.412 58.4453 66.8425
190.596 61.0025 65.2584
199.831 63.6478 63.9214
209.073 66.5712 63.0684
218.361 69.5 62.2549
227.811 72.3112 61.4335
234.145 73.8783 60.1834
237.342 74.78 59.7741

32
114.163 22.7375 77.7428
116.957 24.3913 77.6853
122.685 27.4634 77.8975
130.887 32.6567 77.594
139.018 37.8204 77.0154
147.304 42.4293 75.6145
155.773 46.2041 73.3667
164.4 49.6538 71.2362
173.175 53.0834 69.6222
182.136 56.1418 68.0502
191.252 58.8274 66.3901
200.414 61.6327 64.978
209.556 64.7709 64.0669
218.766 67.864 63.1816
228.152 70.862 62.2987
289.824 85.5382 52.5128
65.6095 2.35548 78.5984
121.699 31.5385 77.9089
129.902 36.4424 77.5973
138.043 41.3601 77.0126
146.3 45.8532 75.6065
154.732 49.6046 73.3606
163.344 53.0278 71.2302
172.138 56.3717 69.6143
181.124 59.339 68.0424
190.253 61.9749 66.3832
199.444 64.6871 64.9706
208.648 67.6405 64.0623
217.904 70.5862 63.1709
227.35 73.3437 62.3026
233.675 74.9014 60.9951
236.871 75.7953 60.5632

32
114.437 22.6456 79.4668
117.201 24.3715 79.3927
122.88 27.5868 79.5821
130.983 33.0008 79.2282
139.017 38.3719 78.5741
147.217 43.159 77.0882
155.608 47.071 74.7427
164.163 50.6244 72.5181
172.876 54.1465 70.8261
181.785 57.2753 69.1784
190.853 60.0278 67.4464
199.972 62.8876 65.966
209.09 66.0448 64.9915
218.268 69.1498 64.0477
227.658 72.0715 63.1103
289.155 86.9855 52.8947
66.5914 0.762936 80.6088
122 31.2642 79.5876
130.088 36.4278 79.2293
138.129 41.5729 78.5696
146.304 46.2443 77.0821
154.656 50.1353 74.738
163.197 53.6631 72.5143
171.927 57.1067 70.822
180.856 60.1587 69.173
189.934 62.8698 67.4391
199.08 65.6441 65.9612
208.255 68.6306 64.9864
217.484 71.5869 64.0449
226.926 74.2908 63.1063
233.237 75.8306 61.7605
236.435 76.7159 61.3066

32
114.708 22.5106 81.0592
117.446 24.3118 80.9695
123.064 27.6958 81.1407
131.075 33.3147 80.7351
139.014 38.8695 80.0148
147.13 43.821 78.4518
155.448 47.8638 76.0181
163.941 51.5154 73.7053
172.596 55.1224 71.9416
181.457 58.3192 70.224
190.477 61.1363 68.4234
199.556 64.0451 66.8796
208.65 67.2166 65.8468
217.809 70.3294 64.848
227.201 73.1862 63.8552
288.537 88.2481 53.2326
67.5932 -0.88724 82.4544
122.284 30.9957 81.1441
130.27 36.392 80.7368
138.214 41.7377 80.0102
146.303 46.5862 78.4457
154.582 50.6119 76.0126
163.061 54.2391 73.7004
171.731 57.7748 71.9361
180.609 60.9034 70.2185
189.641 63.6807 68.4186
198.743 66.5163 66.8738
207.891 69.5304 65.8413
217.1 72.4974 64.8444
226.542 75.154 63.8551
232.842 76.6685 62.4622
236.037 77.5427 61.9883

32
114.961 22.3844 82.5145
117.675 24.2535 82.4096
123.239 27.7837 82.5588
131.163 33.5898 82.1077
139.012 39.3142 81.3268
147.048 44.4167 79.6934
155.297 48.5814 77.1796
163.733 52.3244 74.787
172.335 56.0088 72.957
181.15 59.2678 71.1762
190.129 62.1432 69.314
199.171 65.0986 67.7119
208.244 68.2817 66.6241
217.392 71.3925 65.5752
226.786 74.1919 64.5411
287.977 89.3469 53.5199
68.5869 -2.54527 84.1148
122.543 30.734 82.5668
130.449 36.3279 82.1087
138.295 41.8714 81.3228
146.303 46.8826 79.6869
154.519 51.026 77.1764
162.94 54.7489 74.783
171.555 58.3709 72.9528
180.384 61.5705 71.1705
189.374 64.4068 69.3098
198.437 67.2977 67.7083
207.56 70.337 66.6204
216.755 73.3097 65.5748
226.196 75.9265 64.5429
232.488 77.4099 63.1015
235.678 78.2721 62.6093

32
115.192 22.2152 83.8196
117.883 24.1516 83.7014
123.395 27.8344 83.8367
131.243 33.8213 83.3402
139.013 39.7052 82.5054
146.972 44.9439 80.8093
155.158 49.2198 78.2214
163.542 53.0472 75.76
172.101 56.8019 73.8702
180.873 60.1193 72.0311
189.813 63.0467 70.1135
198.821 66.0431 68.4581
207.876 69.2356 67.3225
217.016 72.3379 66.2257
226.413 75.0855 65.15
287.493 90.2989 53.7701
69.4719 -4.0378 85.6385
122.785 30.458 83.8418
130.608 36.2554 83.3421
138.373 41.9758 82.5003
146.305 47.1327 80.8028
154.46 51.3881 78.2176
162.832 55.1941 75.7577
171.4 58.896 73.8669
180.186 62.1584 72.0276
189.135 65.0507 70.1095
198.163 67.9908 68.4549
207.264 71.0527 67.3197
216.447 74.0322 66.2205
225.886 76.6132 65.1471
232.174 78.0598 63.6682
235.36 78.9099 63.1596

32
115.363 22.064 84.9853
118.036 24.0583 84.8538
123.516 27.8625 84.9687
131.304 34.0179 84.4318
139.01 40.0457 83.5455
146.905 45.4088 81.795
155.034 49.7818 79.1431
163.37 53.6842 76.6212
171.889 57.5019 74.6778
180.625 60.8708 72.7879
189.531 63.8467 70.822
198.509 66.878 69.1187
207.547 70.0768 67.9382
216.68 73.1667 66.8012
226.086 75.8625 65.6863
287.121 91.1358 54.0173
70.2127 -5.40132 87.0241
122.979 30.1862 84.9762
130.742 36.1721 84.4356
138.444 42.051 83.5432
146.312 47.3442 81.7889
154.409 51.7035 79.1378
162.735 55.5855 76.6167
171.262 59.3563 74.6728
180.012 62.6721 72.7838
188.927 65.6136 70.8189
197.921 68.5968 69.1158
207.001 71.6777 67.9362
216.175 74.6544 66.7993
225.621 77.197 65.6879
231.909 78.6168 64.1772
235.098 79.4569 63.654

32
115.526 21.8916 85.9987
118.184 23.9397 85.8564
123.628 27.8548 85.9565
131.356 34.1605 85.3877
139.001 40.3247 84.4579
146.842 45.8065 82.6579
154.923 50.268 79.949
163.218 54.2354 77.373
171.7 58.1107 75.3839
180.407 61.5246 73.4487
189.282 64.5424 71.4418
198.233 67.6052 69.694
207.256 70.8077 68.4759
216.388 73.8831 67.302
225.804 76.5331 66.1526
286.802 91.8531 54.2165
70.9072 -6.70037 88.1877
123.159 29.8962 85.9588
130.863 36.0531 85.3871
138.501 42.0903 84.4546
146.318 47.5069 82.6529
154.372 51.9526 79.9471
162.656 55.9044 77.3722
171.142 59.7444 75.3817
179.862 63.1101 73.4471
188.745 66.0958 71.4412
197.71 69.118 69.6931
206.771 72.2171 68.4746
215.941 75.1878 67.3019
225.393 77.7001 66.1548
231.683 79.0951 64.6149
234.874 79.9263 64.0784

32
115.669 21.7336 86.8724
118.312 23.8293 86.7204
123.723 27.8477 86.8077
131.4 34.2832 86.2076
138.994 40.5638 85.2402
146.785 46.1461 83.3998
154.825 50.6853 80.6413
163.085 54.7092 78.0191
171.536 58.6346 75.9912
180.217 62.0866 74.0166
189.067 65.1402 71.973
197.995 68.2329 70.1904
207.007 71.4354 68.9365
216.135 74.4963 67.7296
225.56 77.1037 66.5482
286.538 92.4591 54.3819
71.5345 -7.86658 89.1978
123.311 29.6434 86.8094
130.969 35.9444 86.2065
138.551 42.1199 85.2368
146.321 47.6453 83.3957
154.336 52.1708 80.6391
162.585 56.1826 78.0181
171.04 60.0772 75.9894
179.732 63.4866 74.0148
188.59 66.5105 71.9716
197.53 69.5685 70.1884
206.576 72.6786 68.9345
215.738 75.6461 67.7273
225.196 78.1292 66.5493
231.489 79.5012 64.9852
234.683 80.3243 64.4371

32
115.79 21.6044 87.6181
118.421 23.7404 87.4568
123.804 27.8448 87.5294
131.438 34.3879 86.902
138.988 40.7649 85.9027
146.737 46.4328 84.0279
154.743 51.0382 81.229
162.972 55.11 78.5671
171.396 59.0781 76.5065
180.055 62.5626 74.4991
188.884 65.6462 72.4236
197.791 68.7654 70.6115
206.795 71.9666 69.3264
215.92 75.0124 68.0921
225.353 77.5802 66.884
286.317 92.9493 54.527
72.062 -8.84001 90.0999
123.444 29.4257 87.5343
131.056 35.8565 86.9032
138.594 42.1424 85.8995
146.324 47.7596 84.0244
154.306 52.3549 81.2262
162.525 56.4171 78.5652
170.954 60.3564 76.5052
179.622 63.8032 74.4969
188.459 66.859 72.4218
197.377 69.9468 70.6093
206.411 73.066 69.324
215.568 76.027 68.0902
225.03 78.4858 66.8834
231.326 79.8326 65.3031
234.522 80.6476 64.7456

32
115.894 21.4739 88.2401
118.516 23.6456 88.0716
123.874 27.8261 88.1339
131.473 34.4649 87.4846
138.982 40.9272 86.458
146.696 46.6684 84.5533
154.671 51.33 81.7228
162.877 55.4425 79.0272
171.278 59.4465 76.9395
179.918 62.9595 74.9032
188.729 66.0691 72.8016
197.62 69.2107 70.9635
206.617 72.4104 69.6524
215.743 75.4424 68.3944
225.184 77.9749 67.1637
286.14 93.3532 54.6372
72.5157 -9.70715 90.8287
123.561 29.2114 88.1339
131.133 35.7618 87.4841
138.633 42.1448 86.4555
146.33 47.8418 84.5502
154.282 52.4977 81.7207
162.479 56.6028 79.0266
170.881 60.5858 76.9382
179.532 64.0618 74.9027
188.349 67.1461 72.8016
197.251 70.2582 70.9622
206.275 73.385 69.652
215.43 76.3412 68.3948
224.897 78.7761 67.1656
231.194 80.106 65.5658
234.392 80.9144 64.9996

32
115.982 21.3618 88.755
118.595 23.5632 88.5802
123.932 27.8093 88.6335
131.501 34.5262 87.9647
138.977 41.0592 86.9163
146.661 46.8611 84.9864
154.612 51.5711 82.1303
162.799 55.7175 79.4068
171.18 59.7509 77.296
179.804 63.2869 75.2369
188.602 66.4179 73.1129
197.478 69.5789 71.2546
206.47 72.7756 69.9204
215.594 75.794 68.6431
225.042 78.2967 67.392
285.997 93.6824 54.7263
72.9165 -10.4708 91.4194
123.653 29.0355 88.6341
131.2 35.6775 87.9635
138.666 42.1434 86.9135
146.332 47.9105 84.9834
154.265 52.6124 82.1292
162.44 56.7583 79.4068
170.822 60.7736 77.2951
179.455 64.2762 75.2364
188.26 67.3834 73.1129
197.147 70.5137 71.2559
206.163 73.6473 69.9199
215.312 76.5995 68.6426
224.785 79.014 67.3928
231.083 80.3291 65.7799
234.284 81.1319 65.2066

32
116.053 21.2722 89.1763
118.659 23.4982 88.996
123.979 27.7964 89.0405
131.524 34.5773 88.3557
138.973 41.1668 87.2889
146.632 47.018 85.3386
154.563 51.7665 82.4625
162.734 55.9407 79.7161
171.1 59.9988 77.5869
179.711 63.5535 75.5096
188.496 66.7014 73.3665
197.362 69.8771 71.4908
206.35 73.0743 70.1399
215.476 76.079 68.8434
224.928 78.558 67.577
285.883 93.9434 54.7946
73.2304 -11.0708 91.9278
123.733 28.887 89.0396
131.251 35.6136 88.3551
138.69 42.1458 87.2868
146.335 47.9643 85.3358
154.25 52.7064 82.4616
162.405 56.8871 79.7148
170.773 60.928 77.5839
179.393 64.4523 75.5076
188.184 67.5777 73.3642
197.061 70.7244 71.4876
206.071 73.8627 70.1376
215.22 76.8087 68.842
224.696 79.2074 67.5756
230.996 80.5111 65.9456
234.198 81.3095 65.3654

32
116.11 21.1949 89.514
118.711 23.4409 89.3295
124.017 27.783 89.3685
131.542 34.6165 88.6702
138.969 41.2528 87.5887
146.609 47.1441 85.6218
154.525 51.9245 82.7293
162.682 56.1208 79.9645
171.035 60.1983 77.8208
179.637 63.7686 75.7283
188.412 66.9305 73.5712
197.27 70.1169 71.6796
206.253 73.3144 70.3163
215.381 76.3072 69.0038
224.837 78.7658 67.7248
285.791 94.1477 54.8466
73.4894 -11.5589 92.3353
123.794 28.7706 89.3674
131.293 35.5595 88.6698
138.711 42.1468 87.5866
146.335 48.0157 85.6191
154.232 52.7965 82.7247
162.374 57.0034 79.9551
170.731 61.0621 77.807
179.338 64.6094 75.7088
188.119 67.7492 73.5471
196.991 70.9027 71.6534
205.995 74.0459 70.2888
215.143 76.9891 68.9731
224.624 79.3666 67.7016
230.927 80.6573 66.064
234.13 81.45 65.4804

32
116.159 21.1166 89.7823
118.756 23.3801 89.5949
124.051 27.7587 89.6319
131.562 34.6375 88.9246
138.968 41.3165 87.83
146.59 47.2434 85.8473
154.492 52.0487 82.941
162.64 56.2628 80.1629
170.984 60.3564 78.0073
179.577 63.9395 75.9019
188.345 67.1119 73.7333
197.196 70.3076 71.8307
206.177 73.5034 70.4546
215.305 76.4882 69.1314
224.764 78.9289 67.8404
285.719 94.3069 54.8866
73.6943 -11.948 92.6599
123.846 28.6775 89.6272
131.327 35.5244 88.9237
138.716 42.171 87.8304
146.335 48.0587 85.8465
154.217 52.8655 82.9413
162.36 57.0688 80.162
170.71 61.1349 78.0018
179.307 64.6988 75.8948
188.086 67.8389 73.724
196.947 71.005 71.8172
205.948 74.1484 70.4382
215.098 77.0788 69.1171
224.575 79.4587 67.8258
230.887 80.713 66.1924
234.092 81.4991 65.6059

32
116.189 21.1225 90.0184
118.782 23.3909 89.8271
124.073 27.7777 89.8572
131.573 34.6745 89.138
138.968 41.3715 88.0261
146.583 47.3132 86.035
154.473 52.1404 83.1179
162.609 56.3731 80.3262
170.944 60.4803 78.1571
179.529 64.0728 76.0402
188.292 67.2537 73.8606
197.139 70.457 71.9505
206.118 73.6523 70.566
215.246 76.6285 69.2308
224.708 79.056 67.9308
285.667 94.4319 54.9174
73.8761 -12.2737 92.8919
123.871 28.6272 89.8558
131.35 35.495 89.1404
138.738 42.1508 88.0396
146.357 48.0367 86.0396
154.243 52.833 83.1291
162.382 57.0331 80.3385
170.719 61.1203 78.1762
179.319 64.6674 76.0578
188.092 67.8126 73.8753
196.95 70.9826 71.9615
205.945 74.1361 70.5757
215.088 77.0745 69.2398
224.566 79.4522 67.9414
230.879 80.693 66.2951
234.086 81.477 65.7041

32
116.2 21.2395 90.2673
118.79 23.5091 90.0705
124.068 27.906 90.0794
131.56 34.7984 89.3518
138.963 41.473 88.2432
146.566 47.41 86.2224
154.447 52.2467 83.3025
162.577 56.4906 80.5118
170.906 60.6032 78.3363
179.486 64.1979 76.2104
188.243 67.3843 74.015
197.083 70.5934 72.0849
206.062 73.783 70.6807
215.195 76.7484 69.3332
224.66 79.1592 68.0199
285.615 94.5523 54.9605
73.9217 -12.4145 93.1469
123.926 28.5044 90.0877
131.409 35.368 89.3523
138.797 42.0199 88.2377
146.404 47.934 86.2578
154.292 52.7196 83.31
162.421 56.9349 80.4989
170.759 61.0156 78.3112
179.35 64.5783 76.1853
188.115 67.7394 73.9962
196.967 70.9183 72.0766
205.958 74.0759 70.6835
215.099 77.0184 69.3429
224.576 79.3964 68.0374
230.887 80.6363 66.3791
234.093 81.4205 65.7844

32
116.147 21.491 90.2228
118.736 23.7532 90.0286
124.018 28.1289 90.0525
131.5 35.0116 89.3235
138.893 41.6791 88.207
146.519 47.5809 86.2133
154.392 52.4155 83.2871
162.512 56.666 80.4828
170.843 60.7749 78.3058
179.428 64.36 76.1825
188.189 67.5352 73.9963
197.036 70.7289 72.0789
206.021 73.9003 70.6873
215.157 76.8516 69.3436
224.629 79.2425 68.0348
285.596 94.6646 54.9409
73.9023 -12.5903 93.2455
123.983 28.2744 90.0488
131.461 35.1523 89.3232
138.854 41.814 88.2095
146.477 47.7043 86.1944
154.351 52.5365 83.2827
162.472 56.7835 80.4888
170.804 60.8887 78.3172
179.391 64.4663 76.1934
188.153 67.6353 74.0044
197.002 70.8214 72.0821
205.992 73.9827 70.686
215.131 76.9263 69.3397
224.605 79.3067 68.0281
230.914 80.558 66.3763
234.119 81.3449 65.7816

32
116.144 21.5627 90.2988
118.731 23.8243 90.1029
124.01 28.1996 90.1197
131.487 35.0812 89.3886
138.88 41.7443 88.2719
146.507 47.6368 86.2654
154.374 52.4755 83.3394
162.491 56.7335 80.5368
170.82 60.8446 78.3578
179.404 64.4283 76.2302
188.164 67.6022 74.039
197.012 70.7916 72.1144
206 73.9545 70.7166
215.138 76.899 69.3692
224.612 79.2793 68.0559
285.579 94.7222 54.9528
73.9078 -12.6588 93.291
124.01 28.1996 90.1197
131.487 35.0812 89.3886
138.88 41.7443 88.2719
146.507 47.6368 86.2654
154.374 52.4755 83.3394
162.491 56.7335 80.5368
170.82 60.8446 78.3578
179.404 64.4283 76.2302
188.164 67.6022 74.039
197.012 70.7916 72.1144
206 73.9545 70.7166
215.138 76.899 69.3692
224.612 79.2793 68.0559
230.92 80.5317 66.401
234.125 81.3189 65.8053

