          15
71
95.63430720 	0.63268538 	0.00160000 
95.64033917 	0.49303782 	0.02580000 
95.64759954 	0.41961865 	0.05771000 
95.65699071 	0.35514918 	0.09960000 
95.66914538 	0.29815952 	0.15435000 
95.68470726 	0.24851972 	0.22564000 
95.70483325 	0.20832984 	0.31801000 
95.73077480 	0.19331987 	0.43719000 
95.76397702 	0.22442979 	0.59027000 
95.80616665 	0.32854936 	0.78604000 
95.85961529 	0.48653791 	1.03528000 
95.92703096 	0.68686413 	1.35117000 
96.01143264 	0.93958500 	1.74976000 
96.11903603 	1.25662421 	2.24986000 
96.26246951 	1.65002921 	2.87278000 
96.44215263 	2.13492568 	3.64735000 
96.66146017 	2.73516516 	4.60704000 
96.92746189 	3.46062529 	5.79062000 
97.24859135 	4.31196863 	7.24359000 
97.64238927 	5.29086505 	9.01906000 
98.11196385 	6.29086913 	10.99644000 
98.58171558 	7.26049572 	12.97183000 
99.04469946 	8.21510602 	14.94700000 
99.53132624 	9.13748378 	16.91404000 
100.02971850 	10.01439282 	18.87679000 
100.52923420 	10.85109301 	20.83850000 
101.03355452 	11.65552445 	22.79804000 
101.56898662 	12.42505257 	24.74770000 
102.10485433 	13.16869267 	26.69675000 
102.64096001 	13.89510095 	28.64507000 
103.18748515 	14.58197234 	30.59054000 
103.73641484 	15.24626490 	32.53515000 
104.28869390 	15.88606602 	34.47885000 
104.83785451 	16.49205076 	36.42433000 
105.38450828 	17.08517982 	38.37050000 
105.93146209 	17.63762716 	40.31798000 
106.47509914 	18.18330711 	42.26624000 
106.99402120 	18.68956857 	44.22370000 
107.51155761 	19.18433849 	46.18172000 
108.02835358 	19.63560228 	48.14188000 
108.52705124 	20.06993774 	50.10767000 
108.99380012 	20.47365156 	52.08373000 
109.46229790 	20.85024453 	54.06045000 
109.93237171 	21.20376206 	56.03774000 
110.36306638 	21.51276136 	58.02672000 
110.78315347 	21.80418032 	60.01906000 
111.21192687 	22.04884755 	62.01144000 
111.61913391 	22.26783128 	64.00957000 
112.00413819 	22.46027143 	66.01362000 
112.39587953 	22.59775075 	68.01853000 
112.77613829 	22.70311270 	70.02691000 
113.14383653 	22.76965958 	72.03911000 
113.49692405 	22.79156801 	74.02235000 
113.84654573 	22.77154419 	75.94338000 
114.16256052 	22.71522660 	77.77940000 
114.44714608 	22.62208369 	79.50666000 
114.71776761 	22.49574838 	81.10442000 
114.96816111 	22.35978024 	82.56050000 
115.19113923 	22.20024882 	83.86936000 
115.37241712 	22.04259694 	85.03049000 
115.53482131 	21.87758441 	86.04383000 
115.67655197 	21.72386630 	86.91575000 
115.79729887 	21.58975515 	87.65568000 
115.90071394 	21.46394365 	88.27507000 
115.98694222 	21.35509753 	88.78661000 
116.05710896 	21.26640850 	89.20350000 
116.11343625 	21.19504725 	89.53882000 
116.15651345 	21.14721252 	89.80507000 
116.18012889 	21.16561225 	90.01376000 
116.18406894 	21.25844851 	90.17530000 
116.14390574 	21.56269574 	90.29880000 

71 
107.36740697 	0.33831944 	1.20360000 
107.37255389 	0.18886990 	1.22763000 
107.37900810 	0.11529998 	1.25938000 
107.38739884 	0.04896000 	1.30114000 
107.39842950 	-0.01038000 	1.35582000 
107.41273131 	-0.06337000 	1.42712000 
107.43135542 	-0.10828998 	1.51968000 
107.45545106 	-0.13024997 	1.63931000 
107.48647304 	-0.11065998 	1.79325000 
107.52631916 	-0.01342000 	1.99044000 
107.57697221 	0.15228995 	2.24190000 
107.64792439 	0.36108932 	2.55965000 
107.73662734 	0.62496650 	2.96132000 
107.84902848 	0.95650746 	3.46626000 
107.98628571 	1.36717348 	4.09912000 
108.15698756 	1.86349782 	4.88770000 
108.36583124 	2.47932376 	5.86621000 
108.61813400 	3.22801506 	7.07508000 
108.92371073 	4.12524460 	8.56096000 
109.31972309 	5.20847193 	10.38128000 
109.74242051 	6.33125430 	12.31368000 
110.15942894 	7.39286434 	14.24581000 
110.57927108 	8.37634459 	16.17627000 
111.02850595 	9.31030084 	18.09802000 
111.47274377 	10.22376272 	20.01969000 
111.91582917 	11.12711685 	21.94010000 
112.36484572 	12.01666748 	23.85743000 
112.82695270 	12.88700859 	25.76996000 
113.28822227 	13.72106190 	27.68230000 
113.74869065 	14.53702017 	29.59401000 
114.21259922 	15.32436990 	31.50441000 
114.67591853 	16.08950644 	33.41457000 
115.13734055 	16.84204474 	35.32459000 
115.58581343 	17.56574143 	37.23845000 
116.02979115 	18.28235661 	39.15288000 
116.47198744 	18.96405906 	41.06842000 
116.90415147 	19.63715919 	42.98621000 
117.31055804 	20.28310939 	44.91144000 
117.71466394 	20.91518567 	46.83718000 
118.11695175 	21.52431107 	48.76381000 
118.49426338 	22.11031751 	50.69699000 
118.84837337 	22.67476904 	52.63628000 
119.20256715 	23.21385493 	54.57623000 
119.55594018 	23.74186246 	56.51645000 
119.87185406 	24.22538384 	58.46626000 
120.18545252 	24.69621104 	60.41682000 
120.50337663 	25.13744887 	62.36748000 
120.79724708 	25.54843976 	64.32370000 
121.07716405 	25.93690679 	66.28328000 
121.36060540 	26.29210875 	68.24335000 
121.63266372 	26.61624452 	70.20639000 
121.89472361 	26.90990229 	72.17206000 
122.14662386 	27.16706692 	74.10810000 
122.39269564 	27.38784557 	75.98343000 
122.61676203 	27.56734752 	77.77360000 
122.81619139 	27.69964103 	79.45649000 
123.00535028 	27.80260077 	81.01216000 
123.18155847 	27.88098865 	82.42884000 
123.33726452 	27.92644593 	83.70105000 
123.46461448 	27.94933189 	84.82785000 
123.57873044 	27.94846025 	85.81033000 
123.67697748 	27.94057078 	86.65495000 
123.76161379 	27.93190922 	87.37074000 
123.83418711 	27.91520798 	87.96920000 
123.89438058 	27.89813922 	88.46281000 
123.94380085 	27.88459496 	88.86445000 
123.98302087 	27.87331835 	89.18707000 
124.01363633 	27.86971511 	89.44272000 
124.02838281 	27.90478078 	89.64286000 
124.02410047 	28.00518818 	89.79741000 
123.97340417 	28.28690081 	89.91540000 

71
119.14549725 	-0.02558000 	2.79740000 
119.14992801 	-0.17049994 	2.82122000 
119.15726003 	-0.23913984 	2.85241000 
119.16485572 	-0.30262967 	2.89394000 
119.17661007 	-0.35873946 	2.94802000 
119.19082885 	-0.40882920 	3.01886000 
119.21028885 	-0.45047893 	3.11074000 
119.23476872 	-0.46616881 	3.22976000 
119.26599804 	-0.44008900 	3.38311000 
119.30634452 	-0.33326957 	3.57964000 
119.35959425 	-0.16622995 	3.83002000 
119.42519077 	0.04695000 	4.14835000 
119.50801132 	0.31633963 	4.55069000 
119.61149498 	0.65529672 	5.05693000 
119.73919044 	1.07656550 	5.69107000 
119.89739338 	1.59484297 	6.48135000 
120.08909222 	2.23777052 	7.46215000 
120.32215073 	3.02260220 	8.67309000 
120.62481327 	3.96708529 	10.15640000 
120.99394457 	5.09354700 	11.96869000 
121.36827982 	6.22937886 	13.84275000 
121.73682501 	7.32897156 	15.71627000 
122.12179690 	8.39842719 	17.58420000 
122.50611644 	9.44638931 	19.45054000 
122.88433608 	10.46926534 	21.31683000 
123.26852590 	11.46588464 	23.18026000 
123.65506005 	12.44277819 	25.04172000 
124.04204213 	13.40382087 	26.90170000 
124.42434476 	14.34063994 	28.76187000 
124.80158017 	15.26568241 	30.62208000 
125.17432018 	16.17649220 	32.48236000 
125.54466711 	17.06669232 	34.34247000 
125.90973903 	17.94977998 	36.20276000 
126.24812660 	18.80811482 	38.06932000 
126.58258167 	19.65904252 	39.93587000 
126.91579070 	20.48704093 	41.80244000 
127.23120174 	21.30395666 	43.67248000 
127.52083392 	22.10335496 	45.54816000 
127.80666848 	22.88731430 	47.42433000 
128.08897201 	23.65710101 	49.30097000 
128.34507931 	24.40222354 	51.18318000 
128.58639773 	25.13458322 	53.06820000 
128.82545720 	25.84307446 	54.95391000 
129.05957480 	26.54406286 	56.84021000 
129.26216238 	27.20914348 	58.73308000 
129.46428850 	27.86245162 	60.62597000 
129.66785258 	28.49578787 	62.51889000 
129.84639327 	29.10072885 	64.41648000 
130.01609993 	29.68904702 	66.31574000 
130.18697915 	30.25469047 	68.21528000 
130.34886692 	30.79384218 	70.11675000 
130.50000110 	31.30905069 	72.02025000 
130.64232661 	31.79214177 	73.89441000 
130.78178012 	32.24018223 	75.70915000 
130.90879402 	32.64452980 	77.43990000 
131.01394840 	32.99313451 	79.06635000 
131.11355347 	33.30303293 	80.56929000 
131.20726749 	33.57380061 	81.93724000 
131.29320465 	33.80347670 	83.16416000 
131.36100786 	33.99276544 	84.24967000 
131.41730476 	34.13881549 	85.19605000 
131.46749860 	34.26134416 	86.00872000 
131.51028694 	34.36252699 	86.69699000 
131.54725224 	34.44009514 	87.27192000 
131.57920766 	34.50270129 	87.74552000 
131.60437990 	34.55286763 	88.13061000 
131.62498878 	34.59339803 	88.43949000 
131.64044767 	34.62725440 	88.68410000 
131.64572776 	34.67849484 	88.87530000 
131.63480766 	34.77900462 	89.02274000 
131.57360097 	35.04859831 	89.13520000 

71
130.94923174 	-0.37892947 	4.71430000 
130.95278821 	-0.51983863 	4.73795000 
130.95843106 	-0.58997800 	4.76914000 
130.96652119 	-0.65317729 	4.81012000 
130.97605780 	-0.70959653 	4.86412000 
130.98912992 	-0.75919575 	4.93455000 
131.00500716 	-0.79839506 	5.02636000 
131.02776197 	-0.81393477 	5.14481000 
131.05682058 	-0.78807525 	5.29752000 
131.09413449 	-0.67843697 	5.49343000 
131.14142321 	-0.50615874 	5.74357000 
131.20296687 	-0.28664977 	6.06109000 
131.27895973 	-0.00846000 	6.46292000 
131.37319534 	0.34180961 	6.96890000 
131.48946248 	0.77899544 	7.60298000 
131.63414840 	1.32133781 	8.39345000 
131.81638949 	1.99265412 	9.37350000 
132.04863469 	2.81517680 	10.58191000 
132.32800266 	3.81624125 	12.06145000 
132.65672460 	5.01830403 	13.85888000 
132.97929273 	6.20111523 	15.65555000 
133.31039496 	7.36233372 	17.44850000 
133.63780564 	8.50436270 	19.24041000 
133.95695678 	9.62964977 	21.03233000 
134.27152581 	10.73834307 	22.82356000 
134.59176975 	11.82759131 	24.61195000 
134.90543114 	12.90994425 	26.40010000 
135.21134966 	13.98514985 	28.18832000 
135.50733360 	15.04701552 	29.97732000 
135.79456899 	16.09407091 	31.76696000 
136.07386236 	17.13231705 	33.55695000 
136.34344839 	18.15004041 	35.34808000 
136.60088407 	19.16226470 	37.14048000 
136.83355496 	20.15964721 	38.93715000 
137.05925972 	21.14726512 	40.73420000 
137.27807469 	22.12180096 	42.53175000 
137.47348439 	23.08279908 	44.33304000 
137.64989395 	24.03331023 	46.13716000 
137.82062237 	24.96601892 	47.94181000 
137.98590265 	25.89066620 	49.74669000 
138.12323994 	26.79072649 	51.55620000 
138.25116102 	27.68512116 	53.36659000 
138.37717225 	28.55648567 	55.17721000 
138.49289808 	29.42019750 	56.98889000 
138.58448522 	30.25932551 	58.80431000 
138.67433354 	31.08593752 	60.61971000 
138.76259232 	31.90041843 	62.43511000 
138.82987563 	32.68907426 	64.25359000 
138.89087086 	33.46537570 	66.07276000 
138.94802872 	34.22595404 	67.89241000 
139.00170881 	34.96575999 	69.71267000 
139.04074577 	35.68534439 	71.53482000 
139.07114099 	36.37478515 	73.32853000 
139.10129777 	37.02799740 	75.06504000 
139.12696815 	37.63470609 	76.72026000 
139.14000243 	38.18314522 	78.27463000 
139.14821911 	38.67724311 	79.71124000 
139.15640803 	39.11817092 	81.01865000 
139.16538980 	39.50550009 	82.19083000 
139.17421314 	39.84302679 	83.22647000 
139.17581155 	40.12252459 	84.12923000 
139.17403246 	40.35744015 	84.90465000 
139.17264549 	40.55427073 	85.56112000 
139.17387865 	40.71595703 	86.10908000 
139.17378272 	40.84665405 	86.56052000 
139.17416824 	40.95312617 	86.92730000 
139.17380068 	41.03789622 	87.22146000 
139.17428063 	41.10664713 	87.45416000 
139.17072005 	41.17262984 	87.63597000 
139.15522488 	41.26469913 	87.77623000 
139.08870555 	41.51899569 	87.88300000 

71
142.68724245 	-1.01886134 	6.68910000 
142.69021529 	-1.15131751 	6.71250000 
142.69613981 	-1.22058512 	6.74321000 
142.70215037 	-1.28324271 	6.78408000 
142.71013429 	-1.33731043 	6.83770000 
142.72075502 	-1.38550824 	6.90769000 
142.73675103 	-1.41957660 	6.99831000 
142.75639807 	-1.43198599 	7.11576000 
142.78154303 	-1.39933760 	7.26709000 
142.81647092 	-1.27588303 	7.46070000 
142.85867268 	-1.09118939 	7.70804000 
142.91334265 	-0.85663487 	8.02182000 
142.98318056 	-0.56071856 	8.41806000 
143.06812670 	-0.18782995 	8.91670000 
143.18044404 	0.27596983 	9.53950000 
143.32060380 	0.85263497 	10.31480000 
143.49014381 	1.56792880 	11.27603000 
143.69550276 	2.45015129 	12.46160000 
143.93774396 	3.52619741 	13.90900000 
144.21651788 	4.78809089 	15.61514000 
144.49776419 	6.03868395 	17.31887000 
144.77241643 	7.27957668 	19.02191000 
145.03774785 	8.50909790 	20.72487000 
145.29517367 	9.72679253 	22.42756000 
145.54724231 	10.93327945 	24.12952000 
145.79357189 	12.12905189 	25.83088000 
146.03069556 	13.31779290 	27.53234000 
146.25535494 	14.50046174 	29.23454000 
146.46515695 	15.67543178 	30.93801000 
146.66426340 	16.83708285 	32.64211000 
146.85286724 	17.99285025 	34.34668000 
147.02349022 	19.13612748 	36.05328000 
147.17738561 	20.27307074 	37.76148000 
147.30945970 	21.40042595 	39.47228000 
147.43201374 	22.51699782 	41.18357000 
147.54566111 	23.62520583 	42.89524000 
147.63143588 	24.71941212 	44.61035000 
147.70164717 	25.80724918 	46.32685000 
147.76584341 	26.87755129 	48.04357000 
147.82320679 	27.94344536 	49.76035000 
147.85140705 	28.98722527 	51.48067000 
147.87263294 	30.02665910 	53.20112000 
147.89189191 	31.04850373 	54.92139000 
147.89948628 	32.06130580 	56.64250000 
147.88981499 	33.05653930 	58.36540000 
147.87463365 	34.03968235 	60.08851000 
147.85396237 	35.01423336 	61.81176000 
147.82166476 	35.96839465 	63.53617000 
147.78081606 	36.91233524 	65.26112000 
147.73079935 	37.84380696 	66.98676000 
147.67881635 	38.75879593 	68.71245000 
147.61576817 	39.65941890 	70.43906000 
147.54448622 	40.53072624 	72.13845000 
147.46998078 	41.36124659 	73.78404000 
147.39718982 	42.14222537 	75.35219000 
147.32552085 	42.86391507 	76.82365000 
147.24949837 	43.51738513 	78.18403000 
147.17680601 	44.10399409 	79.42233000 
147.11199871 	44.62465840 	80.53255000 
147.05417487 	45.08117093 	81.51353000 
147.00410925 	45.47398141 	82.36786000 
146.96033342 	45.80938689 	83.10142000 
146.92157950 	46.09079148 	83.72259000 
146.88662351 	46.32107913 	84.24151000 
146.85650074 	46.50885235 	84.66901000 
146.83209194 	46.66145694 	85.01639000 
146.81281913 	46.78404985 	85.29492000 
146.79746058 	46.88135112 	85.51535000 
146.78503236 	46.96164814 	85.68749000 
146.76352295 	47.05398718 	85.82039000 
146.69889423 	47.27860302 	85.92150000 

71
154.32450048 	-2.04881982 	8.52730000 
154.32630959 	-2.17389811 	8.55052000 
154.32983406 	-2.24349099 	8.58125000 
154.33485063 	-2.30283456 	8.62171000 
154.34175434 	-2.35368878 	8.67474000 
154.35294682 	-2.39715365 	8.74363000 
154.36543368 	-2.42752996 	8.83348000 
154.38210472 	-2.43584895 	8.94962000 
154.40679841 	-2.38843476 	9.09870000 
154.43961324 	-2.24572087 	9.28963000 
154.48207246 	-2.03762092 	9.53292000 
154.53442718 	-1.77319109 	9.84178000 
154.60099768 	-1.43958920 	10.23163000 
154.68385499 	-1.02031260 	10.72155000 
154.78490415 	-0.49635915 	11.33453000 
154.90856214 	0.15530997 	12.09754000 
155.05870248 	0.96254382 	13.04270000 
155.23759688 	1.95764812 	14.20807000 
155.44850022 	3.17885849 	15.64062000 
155.68381735 	4.53552873 	17.24224000 
155.90893704 	5.88483373 	18.84366000 
156.12338665 	7.22576337 	20.44499000 
156.32746530 	8.55745325 	22.04626000 
156.52145676 	9.87982366 	23.64744000 
156.70513876 	11.19296922 	25.24864000 
156.87854214 	12.49721806 	26.84987000 
157.04372209 	13.78646679 	28.45093000 
157.18812791 	15.06838733 	30.05382000 
157.31310900 	16.34373159 	31.65832000 
157.42924541 	17.60416223 	33.26289000 
157.53128388 	18.86018579 	34.86820000 
157.61246352 	20.10821391 	36.47533000 
157.67182688 	21.34992759 	38.08424000 
157.71071749 	22.58573697 	39.69476000 
157.74009459 	23.81068295 	41.30551000 
157.76035445 	25.03023575 	42.91635000 
157.74731411 	26.23610212 	44.53027000 
157.72056765 	27.43801988 	46.14482000 
157.68824912 	28.62323394 	47.75933000 
157.64702468 	29.80511760 	49.37393000 
157.58458905 	30.96945571 	50.99015000 
157.51390955 	32.12933046 	52.60643000 
157.43478599 	33.27531110 	54.22300000 
157.34603849 	34.41305359 	55.83986000 
157.24666793 	35.53817707 	57.45720000 
157.13868380 	36.65206007 	59.07483000 
157.02271866 	37.75881652 	60.69263000 
156.90249653 	38.85158075 	62.31041000 
156.77038834 	39.93516226 	63.92874000 
156.62499856 	41.00754395 	65.54777000 
156.47639396 	42.06558734 	67.16677000 
156.32318031 	43.11503444 	68.78576000 
156.16317270 	44.13653712 	70.37898000 
155.99769714 	45.11392594 	71.92207000 
155.83509742 	46.03634936 	73.39282000 
155.68016386 	46.89446261 	74.77288000 
155.53424207 	47.68056420 	76.04825000 
155.39680474 	48.39041029 	77.20940000 
155.26670740 	49.01979844 	78.25122000 
155.15025410 	49.57306154 	79.17206000 
155.04810859 	50.05194155 	79.97433000 
154.95858321 	50.46151148 	80.66348000 
154.88311286 	50.80755853 	81.24713000 
154.82002004 	51.09449726 	81.73470000 
154.76850826 	51.33080710 	82.13644000 
154.72580506 	51.52237403 	82.46312000 
154.69195880 	51.67651030 	82.72518000 
154.66386054 	51.79774634 	82.93279000 
154.64226039 	51.89404818 	83.09504000 
154.61699241 	51.99231874 	83.22029000 
154.54640142 	52.21989695 	83.31570000 

71
165.90320977 	-2.89347334 	10.37970000 
165.90425121 	-3.01197457 	10.40271000 
165.90807904 	-3.07914327 	10.43297000 
165.91294323 	-3.13345376 	10.47290000 
165.91876812 	-3.18212496 	10.52535000 
165.92747466 	-3.22074779 	10.59362000 
165.93950240 	-3.24664291 	10.68214000 
165.95601050 	-3.24741280 	10.79640000 
165.97694241 	-3.18454465 	10.94345000 
166.00674333 	-3.01994346 	11.13134000 
166.04330987 	-2.78235981 	11.37076000 
166.09098679 	-2.48194764 	11.67383000 
166.14996064 	-2.10306385 	12.05603000 
166.22151260 	-1.62750400 	12.53579000 
166.31061837 	-1.03678328 	13.13465000 
166.41667438 	-0.30287983 	13.87910000 
166.54353508 	0.60390868 	14.79968000 
166.69523614 	1.71615969 	15.93217000 
166.87445223 	3.07166658 	17.31820000 
167.05603435 	4.53028496 	18.81890000 
167.22597333 	5.97939677 	20.31951000 
167.38361211 	7.41744497 	21.82018000 
167.52633814 	8.84474726 	23.32130000 
167.65586087 	10.26168598 	24.82268000 
167.77353451 	11.66832845 	26.32417000 
167.87946588 	13.06536457 	27.82578000 
167.96953889 	14.44834485 	29.32816000 
168.03680299 	15.82143690 	30.83215000 
168.08594492 	17.18742954 	32.33712000 
168.12550159 	18.53744862 	33.84215000 
168.14708600 	19.88287817 	35.34807000 
168.14433120 	21.22075480 	36.85564000 
168.11932994 	22.55237356 	38.36444000 
168.07546617 	23.87904749 	39.87413000 
168.02115665 	25.19703798 	41.38394000 
167.95674811 	26.51106700 	42.89380000 
167.85793346 	27.81262723 	44.40574000 
167.74537793 	29.11081235 	45.91801000 
167.62522955 	30.39527088 	47.43029000 
167.49533177 	31.67673081 	48.94259000 
167.35072789 	32.94353356 	50.45541000 
167.19662137 	34.20594832 	51.96827000 
167.03238378 	35.45518724 	53.48134000 
166.85958379 	36.69819891 	54.99443000 
166.67868451 	37.93168268 	56.50758000 
166.48783730 	39.15502087 	58.02091000 
166.28764293 	40.37124776 	59.53434000 
166.08151175 	41.57520654 	61.04778000 
165.86712145 	42.77268899 	62.56126000 
165.64449738 	43.96220922 	64.07483000 
165.41144097 	45.13773740 	65.58868000 
165.17253507 	46.30496034 	67.10251000 
164.93181271 	47.44593980 	68.59191000 
164.69152337 	48.54351302 	70.03414000 
164.45354364 	49.58088729 	71.40903000 
164.22474406 	50.54733587 	72.69944000 
164.00980206 	51.43445107 	73.89216000 
163.81088708 	52.23863936 	74.97814000 
163.63079715 	52.95711469 	75.95235000 
163.46857365 	53.58923547 	76.81374000 
163.32294230 	54.13575479 	77.56461000 
163.19649357 	54.60441363 	78.20979000 
163.08847620 	54.99996214 	78.75647000 
162.99777330 	55.32826342 	79.21336000 
162.92341868 	55.59905631 	79.58999000 
162.86167070 	55.81851399 	79.89641000 
162.81218711 	55.99482389 	80.14237000 
162.77289269 	56.13444175 	80.33725000 
162.74267011 	56.24524181 	80.48963000 
162.71305274 	56.34755266 	80.60733000 
162.63260167 	56.58840321 	80.69710000 

71
177.42887536 	-3.17161113 	12.34430000 
177.42946262 	-3.28284273 	12.36608000 
177.43157752 	-3.34525185 	12.39487000 
177.43482121 	-3.39511287 	12.43275000 
177.43948030 	-3.43986458 	12.48234000 
177.44655228 	-3.47422808 	12.54689000 
177.45642128 	-3.49627385 	12.63057000 
177.46842014 	-3.49289454 	12.73878000 
177.48641295 	-3.42466754 	12.87766000 
177.51096243 	-3.24717893 	13.05528000 
177.54175470 	-2.99531793 	13.28142000 
177.58030536 	-2.67620871 	13.56788000 
177.62790470 	-2.27399789 	13.92902000 
177.68682412 	-1.77003073 	14.38204000 
177.75925779 	-1.14416210 	14.94755000 
177.84469164 	-0.36684974 	15.65034000 
177.94654276 	0.59274890 	16.51917000 
178.06374930 	1.77038083 	17.58825000 
178.19782559 	3.20637701 	18.89620000 
178.32946227 	4.74767937 	20.30706000 
178.44764550 	6.28041432 	21.71797000 
178.54823645 	7.80413769 	23.12946000 
178.63225061 	9.31794071 	24.54141000 
178.70274037 	10.82210843 	25.95351000 
178.76047204 	12.31693964 	27.36571000 
178.80455342 	13.80325480 	28.77810000 
178.81723643 	15.27788681 	30.19253000 
178.81276964 	16.74291231 	31.60749000 
178.79275531 	18.20057360 	33.02284000 
178.76278516 	19.64132123 	34.43819000 
178.71191773 	21.07606513 	35.85429000 
178.62678623 	22.49847756 	37.27217000 
178.52509317 	23.91287079 	38.69041000 
178.40730646 	25.31959399 	40.10898000 
178.27620737 	26.71918722 	41.52773000 
178.13314182 	28.11443242 	42.94655000 
177.96114350 	29.50006141 	44.36616000 
177.77339645 	30.88169998 	45.78600000 
177.57606396 	32.25243402 	47.20586000 
177.36844165 	33.61993522 	48.62572000 
177.14939824 	34.97453858 	50.04568000 
176.92007706 	36.32562485 	51.46565000 
176.68045657 	37.66374910 	52.88569000 
176.43143259 	38.99730193 	54.30572000 
176.17411963 	40.32196250 	55.72576000 
175.90880216 	41.63961215 	57.14577000 
175.63544224 	42.95065219 	58.56577000 
175.35420872 	44.25015380 	59.98578000 
175.06450635 	45.54358912 	61.40579000 
174.76700404 	46.82973468 	62.82579000 
174.46234054 	48.10791853 	64.24578000 
174.14934754 	49.37776276 	65.66579000 
173.83343294 	50.61906111 	67.06295000 
173.52064106 	51.81482844 	68.41582000 
173.21721620 	52.94880414 	69.70535000 
172.92604422 	54.00744587 	70.91567000 
172.65121413 	54.97919203 	72.03448000 
172.39689828 	55.86093147 	73.05325000 
172.16667227 	56.64918440 	73.96727000 
171.95951712 	57.34368928 	74.77550000 
171.77704340 	57.94713351 	75.47997000 
171.61911666 	58.46525476 	76.08535000 
171.48435358 	58.90298856 	76.59837000 
171.37104169 	59.26673476 	77.02719000 
171.27645696 	59.56607711 	77.38079000 
171.19940022 	59.80956638 	77.66847000 
171.13745390 	60.00511710 	77.89944000 
171.08819532 	60.15998268 	78.08248000 
171.04896194 	60.28179213 	78.22569000 
171.01483634 	60.38595466 	78.33630000 
170.93070375 	60.63009585 	78.42050000 

71
188.86697743 	-2.97456704 	14.22800000 
188.86738253 	-3.07909362 	14.24853000 
188.86895865 	-3.13406619 	14.27569000 
188.87134500 	-3.17977981 	14.31142000 
188.87482338 	-3.22063395 	14.35821000 
188.88158612 	-3.25088953 	14.41898000 
188.88826410 	-3.26960675 	14.49808000 
188.89748391 	-3.26159796 	14.60021000 
188.91175556 	-3.18364933 	14.73132000 
188.93131961 	-2.99203495 	14.89904000 
188.95562298 	-2.72977506 	15.11261000 
188.98598190 	-2.39759569 	15.38316000 
189.02314443 	-1.97863387 	15.72431000 
189.06801146 	-1.45370568 	16.15241000 
189.12088387 	-0.80096761 	16.68709000 
189.18274976 	0.00953000 	17.35155000 
189.25612256 	1.01045520 	18.17306000 
189.33934553 	2.23954778 	19.18391000 
189.42970532 	3.74293650 	20.42370000 
189.51289725 	5.34368221 	21.74935000 
189.57614295 	6.93726287 	23.07560000 
189.61778703 	8.52461165 	24.40256000 
189.64466005 	10.10300864 	25.72968000 
189.66031518 	11.67244677 	27.05669000 
189.66095252 	13.23403951 	28.38391000 
189.64342737 	14.78887074 	29.71157000 
189.58541287 	16.33281876 	31.04102000 
189.51513880 	17.86899216 	32.37049000 
189.43275784 	19.39790389 	33.69998000 
189.34079515 	20.91107305 	35.02942000 
189.22715287 	22.41739408 	36.35920000 
189.06536560 	23.90666806 	37.69025000 
188.89195066 	25.38815140 	39.02132000 
188.70707921 	26.85957489 	40.35240000 
188.50849414 	28.32350527 	41.68352000 
188.29687506 	29.78133640 	43.01467000 
188.06086693 	31.23024612 	44.34584000 
187.80720741 	32.67376500 	45.67703000 
187.54342811 	34.11051205 	47.00821000 
187.26897619 	35.54367427 	48.33940000 
186.98456702 	36.96790520 	49.67058000 
186.68951406 	38.38865744 	51.00177000 
186.38507186 	39.79885137 	52.33295000 
186.07037317 	41.20522244 	53.66413000 
185.74740649 	42.60157846 	54.99532000 
185.41654015 	43.99402592 	56.32651000 
185.07927080 	45.38168619 	57.65772000 
184.73389971 	46.76043208 	58.98893000 
184.37946678 	48.13294955 	60.32014000 
184.01640718 	49.49721264 	61.65135000 
183.64555421 	50.85664965 	62.98256000 
183.26760208 	52.21104206 	64.31377000 
182.88910088 	53.53778958 	65.62352000 
182.51461022 	54.81574991 	66.89173000 
182.14963813 	56.02659423 	68.10055000 
181.80203155 	57.15888217 	69.23505000 
181.47653366 	58.20095349 	70.28367000 
181.17508221 	59.14710871 	71.23846000 
180.90203283 	59.99448355 	72.09505000 
180.65768744 	60.74161422 	72.85241000 
180.44237161 	61.39073914 	73.51247000 
180.25532434 	61.94776402 	74.07965000 
180.09605288 	62.41872392 	74.56024000 
179.96183954 	62.81067013 	74.96190000 
179.85051165 	63.13347721 	75.29305000 
179.76021808 	63.39618718 	75.56244000 
179.68743257 	63.60713914 	75.77869000 
179.62954425 	63.77435077 	75.95004000 
179.58378148 	63.90521954 	76.08408000 
179.54719086 	64.01170411 	76.18759000 
179.46320555 	64.24859855 	76.26600000 

71
200.21540474 	-2.54899115 	15.99230000 
200.21568937 	-2.64501307 	16.01158000 
200.21677357 	-2.69420870 	16.03709000 
200.21843537 	-2.73685478 	16.07068000 
200.22079764 	-2.77449122 	16.11468000 
200.22405333 	-2.80139861 	16.17207000 
200.22863012 	-2.81520726 	16.24655000 
200.23499321 	-2.80219854 	16.34278000 
200.24549626 	-2.71419690 	16.46640000 
200.25793800 	-2.51260408 	16.62475000 
200.27383135 	-2.24198318 	16.82642000 
200.29539315 	-1.89951153 	17.08192000 
200.31964926 	-1.46688689 	17.40436000 
200.35017456 	-0.92502671 	17.80906000 
200.38494375 	-0.25023993 	18.31473000 
200.42678792 	0.58784916 	18.94329000 
200.47242960 	1.62432223 	19.72099000 
200.52070996 	2.89935898 	20.67842000 
200.57020177 	4.45760314 	21.85169000 
200.60084332 	6.10564777 	23.09656000 
200.60513596 	7.74887458 	24.34217000 
200.59637351 	9.38618904 	25.58777000 
200.57507430 	11.01550174 	26.83336000 
200.54047622 	12.63747400 	28.07898000 
200.48331865 	14.25376499 	29.32496000 
200.39277092 	15.86535265 	30.57169000 
200.28077212 	17.46642192 	31.81861000 
200.15620333 	19.06057446 	33.06554000 
200.02009909 	20.64675790 	34.31247000 
199.86081919 	22.21921870 	35.55953000 
199.68342082 	23.78576567 	36.80658000 
199.46262447 	25.33503557 	38.05333000 
199.23025098 	26.87881687 	39.30007000 
198.98717936 	28.41149374 	40.54682000 
198.72979052 	29.93416720 	41.79346000 
198.45748529 	31.44393632 	43.03997000 
198.16595496 	32.94381055 	44.28614000 
197.85590203 	34.43426898 	45.53200000 
197.53489793 	35.92314528 	46.77788000 
197.20282143 	37.41023222 	48.02378000 
196.86075557 	38.89275431 	49.26972000 
196.50805171 	40.37187821 	50.51567000 
196.14838319 	41.84260109 	51.76174000 
195.77861770 	43.30943049 	53.00785000 
195.39883448 	44.76700137 	54.25394000 
195.00948582 	46.22114710 	55.50007000 
194.61365131 	47.67025696 	56.74635000 
194.21204303 	49.11481185 	57.99278000 
193.80322589 	50.55500857 	59.23932000 
193.38499517 	51.98725424 	60.48586000 
192.95622243 	53.41435710 	61.73238000 
192.51915836 	54.83729502 	62.97896000 
192.08392527 	56.23439388 	64.20554000 
191.65700018 	57.58337282 	65.39322000 
191.24157948 	58.86281831 	66.52513000 
190.84413529 	60.05918025 	67.58728000 
190.47184835 	61.16199446 	68.56888000 
190.12697488 	62.16306301 	69.46245000 
189.81454700 	63.05995546 	70.26394000 
189.53804504 	63.85265462 	70.97244000 
189.29520442 	64.54168887 	71.58974000 
189.08392231 	65.13253012 	72.11998000 
188.90353497 	65.63196526 	72.56910000 
188.75259607 	66.04860414 	72.94432000 
188.62701862 	66.39139063 	73.25352000 
188.52385431 	66.66967502 	73.50493000 
188.44230393 	66.89385206 	73.70669000 
188.37702118 	67.07094310 	73.86646000 
188.32508144 	67.20920636 	73.99136000 
188.28364111 	67.31873733 	74.08776000 
188.20300615 	67.54339639 	74.16100000 

71
211.47106131 	-1.84733651 	17.81030000 
211.47121113 	-1.93240311 	17.82832000 
211.47180810 	-1.97709120 	17.85218000 
211.47266890 	-2.01619946 	17.88363000 
211.47391220 	-2.05018789 	17.92488000 
211.47570553 	-2.07344678 	17.97873000 
211.47812914 	-2.08326631 	18.04870000 
211.48154578 	-2.06629713 	18.13919000 
211.48831299 	-1.96699164 	18.25559000 
211.49531076 	-1.75834974 	18.40480000 
211.50559719 	-1.48210787 	18.59495000 
211.51753398 	-1.13142460 	18.83626000 
211.53158885 	-0.68870878 	19.14095000 
211.54834813 	-0.13308999 	19.52381000 
211.56701760 	0.56047934 	20.00257000 
211.58691335 	1.42323927 	20.59833000 
211.60793238 	2.49154244 	21.33597000 
211.62450592 	3.80833448 	22.24492000 
211.61755284 	5.40981097 	23.35068000 
211.59056160 	7.09851927 	24.51897000 
211.54899880 	8.78336885 	25.68728000 
211.49492597 	10.46464579 	26.85558000 
211.42753478 	12.13978157 	28.02388000 
211.33585942 	13.80962540 	29.19230000 
211.21589173 	15.47567410 	30.36077000 
211.06687807 	17.13809600 	31.52911000 
210.90455409 	18.79233127 	32.69742000 
210.72944820 	20.44030245 	33.86574000 
210.54203829 	22.07893556 	35.03405000 
210.32058218 	23.70724501 	36.20163000 
210.07613471 	25.32974158 	37.36885000 
209.80301076 	26.93764143 	38.53511000 
209.51673717 	28.54165276 	39.70132000 
209.21966765 	30.13396571 	40.86754000 
208.90823937 	31.71805268 	42.03355000 
208.57865243 	33.28158651 	43.19896000 
208.23431153 	34.83792810 	44.36408000 
207.87272386 	36.38207215 	45.52865000 
207.49915624 	37.92385263 	46.69320000 
207.11349793 	39.46304206 	47.85770000 
206.71886919 	40.99866574 	49.02240000 
206.31526708 	42.53066040 	50.18730000 
205.90406102 	44.05642324 	51.35243000 
205.48363671 	45.57749198 	52.51770000 
205.05279299 	47.09214653 	53.68299000 
204.61105644 	48.60270151 	54.84830000 
204.16104054 	50.10454734 	56.01372000 
203.70660359 	51.60347249 	57.17959000 
203.24920691 	53.09936832 	58.34599000 
202.78275369 	54.58913639 	59.51247000 
202.30475829 	56.07372813 	60.67889000 
201.81550476 	57.55281087 	61.84527000 
201.32520702 	59.00266279 	62.99279000 
200.85253670 	60.40521930 	64.10432000 
200.39380137 	61.73696631 	65.16347000 
199.95688001 	62.98300696 	66.15712000 
199.54580613 	64.13021028 	67.07503000 
199.16687643 	65.17246489 	67.91033000 
198.82192880 	66.10477516 	68.65914000 
198.51402650 	66.92701990 	69.32068000 
198.24265098 	67.64151623 	69.89668000 
198.01149645 	68.25679754 	70.39131000 
197.81486578 	68.77742089 	70.81002000 
197.64960382 	69.21143617 	71.15954000 
197.51409851 	69.56956847 	71.44740000 
197.40181207 	69.85913165 	71.68119000 
197.31142711 	70.09121949 	71.86861000 
197.24105993 	70.27558679 	72.01694000 
197.18571297 	70.41940720 	72.13278000 
197.14112703 	70.53377109 	72.22207000 
197.06480204 	70.73699826 	72.29000000 

71
222.63142116 	-0.82506811 	19.70770000 
222.63152731 	-0.90087754 	19.72444000 
222.63160450 	-0.94261718 	19.74665000 
222.63202084 	-0.97823685 	19.77596000 
222.63385888 	-1.00782656 	19.81440000 
222.63407348 	-1.02868634 	19.86478000 
222.63447228 	-1.03541627 	19.93037000 
222.63684511 	-1.01526648 	20.01530000 
222.63788713 	-0.90831748 	20.12485000 
222.64125008 	-0.69344888 	20.26540000 
222.64469939 	-0.41167977 	20.44489000 
222.64879356 	-0.05357000 	20.67300000 
222.65145134 	0.39963979 	20.96153000 
222.65564047 	0.96922694 	21.32463000 
222.65779358 	1.68245399 	21.77939000 
222.65930145 	2.57062290 	22.34611000 
222.64065124 	3.67562306 	23.04896000 
222.60405690 	5.04153913 	23.91623000 
222.54762017 	6.72248818 	24.98347000 
222.47712098 	8.44803138 	26.08007000 
222.39200387 	10.17131805 	27.17666000 
222.29401889 	11.89306511 	28.27325000 
222.16958778 	13.61166198 	29.36956000 
222.01277163 	15.32620882 	30.46523000 
221.82932989 	17.03728424 	31.56033000 
221.63410763 	18.74610592 	32.65550000 
221.42487484 	20.44952556 	33.75061000 
221.20071347 	22.14813541 	34.84560000 
220.95752295 	23.83721583 	35.94021000 
220.67808429 	25.51664517 	37.03286000 
220.36687601 	27.18786823 	38.12392000 
220.04416277 	28.84964112 	39.21501000 
219.70901982 	30.50790935 	40.30611000 
219.36195174 	32.15324800 	41.39713000 
219.00096871 	33.79450857 	42.48796000 
218.61610104 	35.41616418 	43.57727000 
218.21830806 	37.03396942 	44.66647000 
217.80562407 	38.64169524 	45.75519000 
217.38129709 	40.24450461 	46.84393000 
216.94639813 	41.83742427 	47.93268000 
216.50210935 	43.42483915 	49.02166000 
216.05061528 	45.00415019 	50.11105000 
215.59135574 	46.58024112 	51.20089000 
215.12440734 	48.15301727 	52.29116000 
214.64596454 	49.71992242 	53.38140000 
214.15587823 	51.28270004 	54.47161000 
213.65713398 	52.83156998 	55.56187000 
213.15389514 	54.37697093 	56.65280000 
212.65198626 	55.91870205 	57.74496000 
212.14148436 	57.45243147 	58.83726000 
211.62054664 	58.97961480 	59.92956000 
211.08933883 	60.49931902 	61.02185000 
210.55822204 	61.98545859 	62.09635000 
210.03613208 	63.41200436 	63.13625000 
209.54462176 	64.77063593 	64.12798000 
209.07737190 	66.03892576 	65.05796000 
208.63967694 	67.20444467 	65.91656000 
208.23676676 	68.26094256 	66.69733000 
207.87292030 	69.20498312 	67.39682000 
207.54700940 	70.03485433 	68.01409000 
207.26136294 	70.75467521 	68.55106000 
207.01428144 	71.37112302 	69.01148000 
206.80436087 	71.89162111 	69.40077000 
206.62897734 	72.32505615 	69.72535000 
206.48356884 	72.68107196 	69.99223000 
206.36770641 	72.97140098 	70.20892000 
206.27533373 	73.20413095 	70.38241000 
206.20062886 	73.38695101 	70.51934000 
206.14379760 	73.53030740 	70.62619000 
206.09756035 	73.64372966 	70.70836000 
206.03039542 	73.82039801 	70.77080000 

71
233.69294516 	0.31687990 	21.53090000 
233.69296284 	0.24378996 	21.54635000 
233.69260062 	0.20438997 	21.56689000 
233.69197698 	0.17162998 	21.59408000 
233.69112500 	0.14501999 	21.62990000 
233.69022595 	0.12615999 	21.67686000 
233.69033825 	0.12180999 	21.73815000 
233.68968580 	0.14372999 	21.81775000 
233.68749555 	0.25067995 	21.92062000 
233.68654730 	0.47002968 	22.05298000 
233.68423512 	0.75661868 	22.22240000 
233.67993725 	1.12182569 	22.43820000 
233.66976286 	1.58523784 	22.71166000 
233.65106317 	2.17002880 	23.05645000 
233.62561579 	2.90370525 	23.48923000 
233.58927333 	3.82021973 	24.02968000 
233.54121699 	4.96179681 	24.70140000 
233.47219671 	6.37698741 	25.53190000 
233.37579052 	8.10791004 	26.54602000 
233.26611560 	9.86425295 	27.57513000 
233.14275171 	11.61966611 	28.60423000 
232.98513459 	13.37484715 	29.63212000 
232.79394838 	15.12995300 	30.65867000 
232.58293914 	16.88458206 	31.68470000 
232.35837974 	18.63800422 	32.71070000 
232.12108259 	20.38872328 	33.73675000 
231.87044315 	22.13687909 	34.76277000 
231.60378814 	23.88202331 	35.78850000 
231.28700063 	25.61394320 	36.81012000 
230.95272121 	27.34123359 	37.83113000 
230.59913600 	29.06241921 	38.85124000 
230.23247952 	30.77787947 	39.87128000 
229.85279066 	32.48952515 	40.89128000 
229.46084464 	34.19134641 	41.91122000 
229.05613235 	35.88966120 	42.93115000 
228.62265564 	37.57150110 	43.94838000 
228.17561099 	39.25024946 	44.96547000 
227.71674972 	40.92034870 	45.98251000 
227.24561899 	42.58659109 	46.99957000 
226.76489796 	44.23894324 	48.01676000 
226.27373242 	45.88768969 	49.03422000 
225.77708445 	47.52992418 	50.05261000 
225.27171651 	49.16909244 	51.07151000 
224.75985620 	50.80477920 	52.09123000 
224.23704355 	52.42900498 	53.11087000 
223.70296098 	54.04474169 	54.13044000 
223.16152902 	55.63937108 	55.15006000 
222.61429388 	57.22602610 	56.17030000 
222.06840306 	58.80222949 	57.19200000 
221.52067575 	60.36712675 	58.21460000 
220.96508171 	61.92128487 	59.23738000 
220.40036593 	63.46280603 	60.26011000 
219.83686103 	64.96607615 	61.26593000 
219.28588132 	66.40643137 	62.23917000 
218.75515493 	67.76707195 	63.16578000 
218.26549720 	69.04053053 	64.03566000 
217.81052351 	70.20751404 	64.83831000 
217.39374455 	71.25875009 	65.56744000 
217.01790209 	72.19343620 	66.21984000 
216.68527650 	73.01170951 	66.79499000 
216.39409477 	73.71810104 	67.29451000 
216.14310353 	74.32191968 	67.72218000 
215.93059593 	74.82888979 	68.08313000 
215.75422183 	75.24996813 	68.38362000 
215.60786637 	75.59436280 	68.63013000 
215.48856576 	75.87285061 	68.82964000 
215.39326415 	76.09537980 	68.98903000 
215.31881631 	76.27131741 	69.11474000 
215.26003542 	76.40743626 	69.21241000 
215.21461619 	76.51440976 	69.28745000 
215.15449820 	76.66729887 	69.34430000 

71
244.63537531 	1.23843471 	23.22260000 
244.63520767 	1.16675558 	23.23674000 
244.63434133 	1.12975598 	23.25560000 
244.63307505 	1.10041629 	23.28063000 
244.63118616 	1.07542654 	23.31371000 
244.62678744 	1.05676671 	23.35703000 
244.62331784 	1.05202676 	23.41394000 
244.61860329 	1.07149657 	23.48804000 
244.61010619 	1.16700557 	23.58389000 
244.60086148 	1.38807255 	23.70764000 
244.58713334 	1.67810683 	23.86628000 
244.56966348 	2.04821606 	24.06881000 
244.54770630 	2.51806551 	24.32609000 
244.51775592 	3.11290592 	24.65112000 
244.47758895 	3.86193941 	25.05969000 
244.42443967 	4.79917171 	25.57071000 
244.35262201 	5.96875663 	26.20650000 
244.25738631 	7.41796031 	26.99285000 
244.12681568 	9.19716609 	27.95624000 
243.98362453 	10.97941846 	28.91968000 
243.80171684 	12.76492661 	29.88066000 
243.58343579 	14.55339838 	30.83938000 
243.35254420 	16.34425265 	31.79820000 
243.10759518 	18.13699659 	32.75695000 
242.84869308 	19.93129645 	33.71565000 
242.57632981 	21.72560272 	34.67436000 
242.28143341 	23.51685298 	35.63183000 
241.96216927 	25.30441975 	36.58781000 
241.60270773 	27.08386347 	37.53937000 
241.22638490 	28.86078383 	38.49036000 
240.83538279 	30.63525974 	39.44109000 
240.43176304 	32.40745919 	40.39194000 
240.01559307 	34.17723126 	41.34293000 
239.58251353 	35.94072100 	42.29317000 
239.13422602 	37.69988431 	43.24301000 
238.66523310 	39.44532994 	44.19109000 
238.18097276 	41.18532902 	45.13868000 
237.68470759 	42.91820054 	46.08632000 
237.17549111 	44.64804717 	47.03397000 
236.65175935 	46.37917320 	47.98149000 
236.11591056 	48.10867034 	48.92924000 
235.57446108 	49.84183421 	49.87868000 
235.02340013 	51.56835940 	50.82862000 
234.46713469 	53.28365906 	51.77966000 
233.90147225 	54.98433749 	52.73085000 
233.32573388 	56.67319984 	53.68217000 
232.74375342 	58.32777642 	54.63327000 
232.15501334 	59.96389592 	55.58463000 
231.56462697 	61.57145443 	56.53662000 
230.98479674 	63.16237768 	57.49149000 
230.40142205 	64.73541127 	58.44693000 
229.81271148 	66.28619575 	59.40244000 
229.22938786 	67.78695068 	60.34194000 
228.66130311 	69.21658618 	61.25052000 
228.11622860 	70.56032904 	62.11490000 
227.60410629 	71.79659884 	62.92410000 
227.13781834 	72.93320012 	63.67135000 
226.71924062 	73.95570339 	64.35021000 
226.34347378 	74.86303810 	64.95684000 
226.01130525 	75.65108435 	65.49054000 
225.72352563 	76.33055233 	65.95347000 
225.47542752 	76.90887046 	66.34891000 
225.26664996 	77.39111016 	66.68192000 
225.09403147 	77.78998152 	66.95855000 
224.95121318 	78.11545727 	67.18488000 
224.83627025 	78.37871894 	67.36774000 
224.74421999 	78.58800277 	67.51335000 
224.67136984 	78.75223540 	67.62772000 
224.61527288 	78.87986471 	67.71647000 
224.57251440 	78.97894348 	67.78447000 
224.51809777 	79.10979596 	67.83540000 

71
255.45159431 	1.74436644 	24.85230000 
255.45122894 	1.67798793 	24.86512000 
255.44984184 	1.64369866 	24.88225000 
255.44783479 	1.61500924 	24.90507000 
255.44511866 	1.58886976 	24.93530000 
255.44129030 	1.56918013 	24.97515000 
255.43621113 	1.55923032 	25.02745000 
255.42926173 	1.56891014 	25.09573000 
255.41977413 	1.63232889 	25.18441000 
255.40634337 	1.84538394 	25.29904000 
255.38899591 	2.13860501 	25.44651000 
255.36642565 	2.51398939 	25.63523000 
255.33672172 	2.99191154 	25.87551000 
255.29771787 	3.59796091 	26.17985000 
255.24768881 	4.36212770 	26.56350000 
255.18084617 	5.32164436 	27.04440000 
255.09147598 	6.52679813 	27.64409000 
254.97388245 	8.01164239 	28.38062000 
254.82041708 	9.80588183 	29.26800000 
254.61101797 	11.59852311 	30.14987000 
254.38302212 	13.39619762 	31.03089000 
254.14219874 	15.20198221 	31.91199000 
253.88803920 	17.01329838 	32.79309000 
253.62145578 	18.82693140 	33.67433000 
253.34109725 	20.64702661 	34.55556000 
253.04566212 	22.46931032 	35.43654000 
252.72695871 	24.28946502 	36.31567000 
252.35638999 	26.09690726 	37.18734000 
251.97270617 	27.90452345 	38.05908000 
251.57583243 	29.71163480 	38.93086000 
251.16453545 	31.51649115 	39.80238000 
250.73999591 	33.31977772 	40.67391000 
250.30278886 	35.12197834 	41.54560000 
249.84945601 	36.92122516 	42.41665000 
249.37763910 	38.71649645 	43.28650000 
248.88926173 	40.50701535 	44.15551000 
248.38416445 	42.29254836 	45.02365000 
247.86587477 	44.07510469 	45.89178000 
247.33434714 	45.85482965 	46.75991000 
246.79003891 	47.62891132 	47.62803000 
246.23264116 	49.39927906 	48.49615000 
245.67094177 	51.15469146 	49.36573000 
245.09823013 	52.90785024 	50.23578000 
244.52109055 	54.67452678 	51.10849000 
243.92816908 	56.44912468 	51.98121000 
243.31767595 	58.23817284 	52.85395000 
242.69792661 	60.00388694 	53.72660000 
242.06936805 	61.74879043 	54.59930000 
241.43908172 	63.45160473 	55.47227000 
240.81053481 	65.12198008 	56.34652000 
240.18585024 	66.76934994 	57.22274000 
239.56639754 	68.39046494 	58.10088000 
238.95597738 	69.94840477 	58.96419000 
238.36761665 	71.41669075 	59.79897000 
237.80406196 	72.79004979 	60.59247000 
237.27653790 	74.04930899 	61.33480000 
236.78861029 	75.19348158 	62.01819000 
236.34611996 	76.21513940 	62.63759000 
235.95244570 	77.11785042 	63.19073000 
235.61532893 	77.90172201 	63.67822000 
235.32475534 	78.57732382 	64.10067000 
235.07642897 	79.15133105 	64.46108000 
234.86822428 	79.62657513 	64.76395000 
234.69603662 	80.01923254 	65.01502000 
234.55441581 	80.33927133 	65.22004000 
234.44013947 	80.59711548 	65.38523000 
234.34868672 	80.80146002 	65.51639000 
234.27677628 	80.96160616 	65.61919000 
234.22188525 	81.08616203 	65.69884000 
234.17935591 	81.18237942 	65.75959000 
234.12459402 	81.31890292 	65.80530000 



          71
95.63430720 	0.63268538 	0.00160000 
95.63849148 	0.77234161 	0.02580000 
95.64483933 	0.83909924 	0.05771000 
95.65331844 	0.91031626 	0.09960000 
95.66465349 	0.97383318 	0.15435000 
95.67927423 	1.04949896 	0.22564000 
95.69826296 	1.14060300 	0.31801000 
95.72271718 	1.25699388 	0.43719000 
95.75391177 	1.40642944 	0.59027000 
95.79341046 	1.59750596 	0.78604000 
95.84317280 	1.84086684 	1.03528000 
95.90541258 	2.14916018 	1.35117000 
95.98247383 	2.53825426 	1.74976000 
96.07959897 	3.02635984 	2.24986000 
96.20845748 	3.62192513 	2.87278000 
96.36806414 	4.34084371 	3.64735000 
96.55881781 	5.22625237 	4.60704000 
96.78527441 	6.28644998 	5.79062000 
97.05227482 	7.53243284 	7.24359000 
97.37167196 	8.98815523 	9.01906000 
97.74732362 	10.53533151 	10.99644000 
98.11220536 	12.04427688 	12.97183000 
98.46385609 	13.49850001 	14.94700000 
98.83971210 	14.85563274 	16.91404000 
99.23114185 	16.10630725 	18.87679000 
99.62618038 	17.27707531 	20.83850000 
100.02741486 	18.38876464 	22.79804000 
100.46685652 	19.41781951 	24.74770000 
100.91058546 	20.39287834 	26.69675000 
101.35980538 	21.31737219 	28.64507000 
101.82799690 	22.16641733 	30.59054000 
102.30199388 	22.97812887 	32.53515000 
102.79227135 	23.71176330 	34.47885000 
103.27847716 	24.42375139 	36.42433000 
103.77743408 	25.06076873 	38.37050000 
104.27329349 	25.68347363 	40.31798000 
104.78686638 	26.21625505 	42.26624000 
105.27250178 	26.73426483 	44.22370000 
105.77499272 	27.17397243 	46.18172000 
106.27176464 	27.60424052 	48.14188000 
106.77113349 	27.94366305 	50.10767000 
107.23742683 	28.26575949 	52.08373000 
107.72285317 	28.50463582 	54.06045000 
108.20910142 	28.73179849 	56.03774000 
108.67154688 	28.86693993 	58.02672000 
109.12669919 	28.97745495 	60.01906000 
109.60477404 	29.00065282 	62.01144000 
110.06528265 	28.98828933 	64.00957000 
110.51647362 	28.90501377 	66.01362000 
110.97774952 	28.76510363 	68.01853000 
111.43600575 	28.56405635 	70.02691000 
111.89474747 	28.27632634 	72.03911000 
112.34474030 	27.92251187 	74.02235000 
112.79331162 	27.51814046 	75.94338000 
113.21062053 	27.06339121 	77.77940000 
113.59474871 	26.57331333 	79.50666000 
113.96038210 	26.06254423 	81.10442000 
114.30256524 	25.54528178 	82.56050000 
114.60690305 	25.04211210 	83.86936000 
114.86333197 	24.55780284 	85.03049000 
115.09488317 	24.08508879 	86.04383000 
115.29681584 	23.65661222 	86.91575000 
115.46861465 	23.28370637 	87.65568000 
115.61661784 	22.94502225 	88.27507000 
115.74050481 	22.65273718 	88.78661000 
115.84084690 	22.41452340 	89.20350000 
115.92113344 	22.22275698 	89.53882000 
115.98462389 	22.07050599 	89.80507000 
116.03441899 	21.95037815 	90.01376000 
116.07810034 	21.82966169 	90.17530000 
116.14390574 	21.56269574 	90.29880000 

          71
107.36740697 	0.33831944 	1.20360000 
107.37161209 	0.48776832 	1.22763000 
107.37763510 	0.55511753 	1.25938000 
107.38559246 	0.62478648 	1.30114000 
107.39622036 	0.68892528 	1.35582000 
107.41001927 	0.76591351 	1.42712000 
107.42796061 	0.86089079 	1.51968000 
107.45102804 	0.98361626 	1.63931000 
107.48046660 	1.14167853 	1.79325000 
107.51791998 	1.34401500 	1.99044000 
107.56515052 	1.60204078 	2.24190000 
107.63127977 	1.92707706 	2.55965000 
107.71307200 	2.33785649 	2.96132000 
107.81549761 	2.85417676 	3.46626000 
107.93858264 	3.48847305 	4.09912000 
108.08945259 	4.25168454 	4.88770000 
108.26957365 	5.19613782 	5.86621000 
108.48130201 	6.33452691 	7.07508000 
108.73084216 	7.68090924 	8.56096000 
109.04933120 	9.28296300 	10.38128000 
109.38146081 	10.91694420 	12.31368000 
109.70413956 	12.44009610 	14.24581000 
110.02594143 	13.86472335 	16.17627000 
110.37476225 	15.21258340 	18.09802000 
110.71685223 	16.50686407 	20.01969000 
111.05784701 	17.75162435 	21.94010000 
111.40618035 	18.94523240 	23.85743000 
111.77487794 	20.05923495 	25.76996000 
112.14779758 	21.10356229 	27.68230000 
112.52145728 	22.11359833 	29.59401000 
112.91029723 	23.03516686 	31.50441000 
113.29833642 	23.93586166 	33.41457000 
113.69622740 	24.76750966 	35.32459000 
114.08258878 	25.56948331 	37.23845000 
114.47660997 	26.31088688 	39.15288000 
114.87053195 	27.02073802 	41.06842000 
115.26484901 	27.68055695 	42.98621000 
115.63843453 	28.30060094 	44.91144000 
116.02105664 	28.86696234 	46.83718000 
116.40679689 	29.40013427 	48.76381000 
116.77628066 	29.88405714 	50.69699000 
117.12979106 	30.32644142 	52.63628000 
117.49228775 	30.71965813 	54.57623000 
117.86359694 	31.07203537 	56.51645000 
118.20275590 	31.37258541 	58.46626000 
118.54940098 	31.63044994 	60.41682000 
118.90708348 	31.84431839 	62.36748000 
119.25055827 	32.00003169 	64.32370000 
119.58930725 	32.10608012 	66.28328000 
119.94061955 	32.15461565 	68.24335000 
120.28640447 	32.15758473 	70.20639000 
120.63149517 	32.10153981 	72.17206000 
120.97421971 	31.98570633 	74.10810000 
121.31389469 	31.82773925 	75.98343000 
121.63417981 	31.62206951 	77.77360000 
121.93116568 	31.36682671 	79.45649000 
122.21430272 	31.09606112 	81.01216000 
122.47938126 	30.81958862 	82.42884000 
122.71680875 	30.53771526 	83.70105000 
122.91931770 	30.25752000 	84.82785000 
123.10255831 	29.97631042 	85.81033000 
123.26132316 	29.72064042 	86.65495000 
123.39818056 	29.49606134 	87.37074000 
123.51658862 	29.28851428 	87.96920000 
123.61490001 	29.11151332 	88.46281000 
123.69557426 	28.96586463 	88.86445000 
123.75958233 	28.84921351 	89.18707000 
123.81083146 	28.75727786 	89.44272000 
123.85084704 	28.68247239 	89.64286000 
123.89437269 	28.57363260 	89.79741000 
123.97340417 	28.28690081 	89.91540000 

          71
119.14549725 	-0.02558000 	2.79740000 
119.14999023 	0.11933998 	2.82122000 
119.15735886 	0.18339993 	2.85241000 
119.16497538 	0.25112981 	2.89394000 
119.17672891 	0.31680963 	2.94802000 
119.19086594 	0.39786926 	3.01886000 
119.21009236 	0.49977854 	3.11074000 
119.23400978 	0.63110705 	3.22976000 
119.26412078 	0.80091398 	3.38311000 
119.30246436 	1.01828764 	3.57964000 
119.35268650 	1.29483460 	3.83002000 
119.41384600 	1.64674781 	4.14835000 
119.49012037 	2.09188316 	4.55069000 
119.58390250 	2.65130285 	5.05693000 
119.69748601 	3.33834740 	5.69107000 
119.83594719 	4.15622731 	6.48135000 
119.99860693 	5.17030191 	7.46215000 
120.19064290 	6.38478172 	8.67309000 
120.43769300 	7.80034916 	10.15640000 
120.73086488 	9.46240498 	11.96869000 
121.01905049 	11.11098212 	13.84275000 
121.29697281 	12.67330958 	15.71627000 
121.58647990 	14.17726217 	17.58420000 
121.87238637 	15.62383683 	19.45054000 
122.15319869 	16.99298738 	21.31683000 
122.44224592 	18.28913343 	23.18026000 
122.73489521 	19.53310279 	25.04172000 
123.03143859 	20.72090126 	26.90170000 
123.32830186 	21.84494182 	28.76187000 
123.62231492 	22.93466210 	30.62208000 
123.91968898 	23.96247100 	32.48236000 
124.21714448 	24.95669134 	34.34247000 
124.51703851 	25.90297483 	36.20276000 
124.79457096 	26.80764277 	38.06932000 
125.07598495 	27.66994619 	39.93587000 
125.36219014 	28.48961316 	41.80244000 
125.63701721 	29.27417247 	43.67248000 
125.89348267 	30.01586922 	45.54816000 
126.15264374 	30.72269751 	47.42433000 
126.41805234 	31.38342272 	49.30097000 
126.66257400 	32.00812781 	51.18318000 
126.90126362 	32.59261032 	53.06820000 
127.14334990 	33.14259339 	54.95391000 
127.39249146 	33.64690536 	56.84021000 
127.61423057 	34.11234774 	58.73308000 
127.84599754 	34.53576580 	60.62597000 
128.08592163 	34.92504260 	62.51889000 
128.30907423 	35.26641089 	64.41648000 
128.53164424 	35.57024295 	66.31574000 
128.76477808 	35.82775131 	68.21528000 
128.99730980 	36.03861663 	70.11675000 
129.22700212 	36.20619927 	72.02025000 
129.45556811 	36.32373419 	73.89441000 
129.68590667 	36.39874960 	75.70915000 
129.90747620 	36.42561332 	77.43990000 
130.10623853 	36.40835476 	79.06635000 
130.29742582 	36.36532322 	80.56929000 
130.47914868 	36.30067339 	81.93724000 
130.64649055 	36.22257764 	83.16416000 
130.78955431 	36.12914299 	84.24967000 
130.91512189 	36.01662912 	85.19605000 
131.02650679 	35.91096503 	86.00872000 
131.12177915 	35.81644685 	86.69699000 
131.20447683 	35.72373141 	87.27192000 
131.27482107 	35.64331127 	87.74552000 
131.33104076 	35.57767845 	88.13061000 
131.37669296 	35.52471544 	88.43949000 
131.41281810 	35.48133944 	88.68410000 
131.44550099 	35.42987315 	88.87530000 
131.48905103 	35.32606985 	89.02274000 
131.57360097 	35.04859831 	89.13520000 

          71
130.94923174 	-0.37892947 	4.71430000 
130.95360369 	-0.23801987 	4.73795000 
130.95964565 	-0.17305995 	4.76914000 
130.96810611 	-0.10721999 	4.81012000 
130.97797409 	-0.03936000 	4.86412000 
130.99132237 	0.04472000 	4.93455000 
131.00735119 	0.15253997 	5.02636000 
131.02996573 	0.29150976 	5.14481000 
131.05834445 	0.47077899 	5.29752000 
131.09401970 	0.70026667 	5.49343000 
131.13863617 	0.99357049 	5.74357000 
131.19616819 	1.36606532 	6.06109000 
131.26609719 	1.83767998 	6.46292000 
131.35115401 	2.43056132 	6.96890000 
131.45391688 	3.15488723 	7.60298000 
131.57922902 	4.02510255 	8.39345000 
131.73273199 	5.10083642 	9.37350000 
131.92451468 	6.37883764 	10.58191000 
132.14790766 	7.88634796 	12.06145000 
132.40115842 	9.63966843 	13.85888000 
132.64098205 	11.32766558 	15.65555000 
132.88546198 	12.93519839 	17.44850000 
133.12227039 	14.48614528 	19.24041000 
133.34903846 	15.97593088 	21.03233000 
133.57142360 	17.40199567 	22.82356000 
133.79943061 	18.77628210 	24.61195000 
134.02146060 	20.10945329 	26.40010000 
134.23938076 	21.38883227 	28.18832000 
134.45259859 	22.60860163 	29.97732000 
134.66020729 	23.78681692 	31.76696000 
134.86629555 	24.91374382 	33.55695000 
135.06495708 	26.00802291 	35.34808000 
135.25741517 	27.06336194 	37.14048000 
135.42930787 	28.08443887 	38.93715000 
135.60072261 	29.06701781 	40.73420000 
135.77196152 	30.01030380 	42.53175000 
135.92589165 	30.91806110 	44.33304000 
136.06763707 	31.79137381 	46.13716000 
136.21016745 	32.62845898 	47.94181000 
136.35580982 	33.42946386 	49.74669000 
136.47903306 	34.19423886 	51.55620000 
136.60132531 	34.92745883 	53.36659000 
136.72837906 	35.62393908 	55.17721000 
136.85444685 	36.28624006 	56.98889000 
136.96295483 	36.91118163 	58.80431000 
137.07840439 	37.50223117 	60.61971000 
137.19979336 	38.06455604 	62.43511000 
137.30782111 	38.58590684 	64.25359000 
137.41817573 	39.07493262 	66.07276000 
137.53374860 	39.52769422 	67.89241000 
137.65390914 	39.94346910 	69.71267000 
137.76824504 	40.31976498 	71.53482000 
137.88169996 	40.65149526 	73.32853000 
137.99967323 	40.94305586 	75.06504000 
138.11620634 	41.18977928 	76.72026000 
138.21985349 	41.39039690 	78.27463000 
138.31766452 	41.54972561 	79.71124000 
138.41198330 	41.67565321 	81.01865000 
138.50179746 	41.77250717 	82.19083000 
138.58589558 	41.84349331 	83.22647000 
138.65630228 	41.88261379 	84.12923000 
138.71534062 	41.90690355 	84.90465000 
138.76665652 	41.92241838 	85.56112000 
138.81397520 	41.92657801 	86.10908000 
138.85245274 	41.92597420 	86.56052000 
138.88403445 	41.92651457 	86.92730000 
138.90874535 	41.92631855 	87.22146000 
138.93004591 	41.92468450 	87.45416000 
138.95707780 	41.88800899 	87.63597000 
138.99857490 	41.78933098 	87.77623000 
139.08870555 	41.51899569 	87.88300000 

          71
142.68724245 	-1.01886134 	6.68910000 
142.69210691 	-0.88639430 	6.71250000 
142.69899011 	-0.82241545 	6.74321000 
142.70591621 	-0.75624646 	6.78408000 
142.71476171 	-0.68382738 	6.83770000 
142.72623879 	-0.59523827 	6.90769000 
142.74299754 	-0.48160909 	6.99831000 
142.76318855 	-0.33431969 	7.11576000 
142.78832639 	-0.14498998 	7.26709000 
142.82213669 	0.09753999 	7.46070000 
142.86225908 	0.40740945 	7.70804000 
142.91366729 	0.80064581 	8.02182000 
142.97839890 	1.29683222 	8.41806000 
143.05536388 	1.92016235 	8.91670000 
143.15573627 	2.67411452 	9.53950000 
143.27829455 	3.58507603 	10.31480000 
143.42135211 	4.71121324 	11.27603000 
143.58899485 	6.04990175 	12.46160000 
143.77822863 	7.63735394 	13.90900000 
143.98749933 	9.43026414 	15.61514000 
144.19253108 	11.16169969 	17.31887000 
144.38664460 	12.82737923 	19.02191000 
144.56747444 	14.44293543 	20.72487000 
144.73848685 	16.00213760 	22.42756000 
144.90350859 	17.50741385 	24.12952000 
145.06188193 	18.97181902 	25.83088000 
145.21089413 	20.39911466 	27.53234000 
145.35042448 	21.77490172 	29.23454000 
145.47804596 	23.10626554 	30.93801000 
145.59798322 	24.39509791 	32.64211000 
145.71205374 	25.64185392 	34.34668000 
145.81078944 	26.85724733 	36.05328000 
145.89790588 	28.03535789 	37.76148000 
145.96692453 	29.18410681 	39.47228000 
146.03318846 	30.29062127 	41.18357000 
146.09644754 	31.36399973 	42.89524000 
146.13813972 	32.39960359 	44.61035000 
146.16982028 	33.40919520 	46.32685000 
146.20266396 	34.37918399 	48.04357000 
146.23526825 	35.32397095 	49.76035000 
146.24613393 	36.22659392 	51.48067000 
146.25753365 	37.10323006 	53.20112000 
146.27410722 	37.94610434 	54.92139000 
146.28648479 	38.76144653 	56.64250000 
146.28980692 	39.54016388 	58.36540000 
146.29614149 	40.28704799 	60.08851000 
146.30441481 	41.00986386 	61.81176000 
146.30911941 	41.69666132 	63.53617000 
146.31402867 	42.35439884 	65.26112000 
146.31780931 	42.98420034 	66.98676000 
146.32919812 	43.57800866 	68.71245000 
146.33796654 	44.14163646 	70.43906000 
146.34700122 	44.66173325 	72.13845000 
146.35728515 	45.14081338 	73.78404000 
146.37228775 	45.57468710 	75.35219000 
146.39024822 	45.95671371 	76.82365000 
146.40262629 	46.28659193 	78.18403000 
146.41534974 	46.56951668 	79.42233000 
146.43130848 	46.80995831 	80.53255000 
146.44883746 	47.01042783 	81.51353000 
146.46851423 	47.17059952 	82.36786000 
146.48619454 	47.30363977 	83.10142000 
146.50086196 	47.41106439 	83.72259000 
146.51256671 	47.49095001 	84.24151000 
146.52136382 	47.55412814 	84.66901000 
146.52889179 	47.60502765 	85.01639000 
146.53535040 	47.64600995 	85.29492000 
146.54446976 	47.66627635 	85.51535000 
146.56735028 	47.63668707 	85.68749000 
146.60339949 	47.55052719 	85.82039000 
146.69889423 	47.27860302 	85.92150000 

          71
154.32450048 	-2.04881982 	8.52730000 
154.32963062 	-1.92374019 	8.55052000 
154.33493828 	-1.85950501 	8.58125000 
154.34160041 	-1.79430958 	8.62171000 
154.35013577 	-1.71830451 	8.67474000 
154.36299978 	-1.62567995 	8.74363000 
154.37718323 	-1.50509616 	8.83348000 
154.39542372 	-1.34935282 	8.94962000 
154.42098943 	-1.14979938 	9.09870000 
154.45334921 	-0.89460500 	9.28963000 
154.49446139 	-0.56921871 	9.53292000 
154.54452095 	-0.15630997 	9.84178000 
154.60726993 	0.36466966 	10.23163000 
154.68387435 	1.01737267 	10.72155000 
154.77514582 	1.80752892 	11.33453000 
154.88379424 	2.77435166 	12.09754000 
155.01097630 	3.96546763 	13.04270000 
155.15666824 	5.38072219 	14.20807000 
155.31970755 	7.08024069 	15.64062000 
155.49442903 	8.91653222 	17.24224000 
155.65260397 	10.70022403 	18.84366000 
155.79504391 	12.43494306 	20.44499000 
155.92261989 	14.12950886 	22.04626000 
156.03773015 	15.77352564 	23.64744000 
156.14105172 	17.37109785 	25.24864000 
156.23246156 	18.93344653 	26.84987000 
156.31414826 	20.46177825 	28.45093000 
156.37614761 	21.94685198 	30.05382000 
156.41891072 	23.40205534 	31.65832000 
156.45428224 	24.81796541 	33.26289000 
156.47834858 	26.19806170 	34.86820000 
156.48374151 	27.54755101 	36.47533000 
156.47240337 	28.85500622 	38.08424000 
156.44356973 	30.13628073 	39.69476000 
156.41279550 	31.36755435 	41.30551000 
156.37692849 	32.57450497 	42.91635000 
156.31508118 	33.73638330 	44.53027000 
156.24396176 	34.87759755 	46.14482000 
156.17538849 	35.97389972 	47.75933000 
156.10356684 	37.04869556 	49.37393000 
156.01866811 	38.08129585 	50.99015000 
155.93238340 	39.08986295 	52.60643000 
155.84483716 	40.06675552 	54.22300000 
155.75562377 	41.01487230 	55.83986000 
155.66418642 	41.93015228 	57.45720000 
155.57331617 	42.81217992 	59.07483000 
155.48137076 	43.67385656 	60.69263000 
155.39450631 	44.50152978 	62.31041000 
155.30449546 	45.30215815 	63.92874000 
155.20906063 	46.07772056 	65.54777000 
155.12003009 	46.82042043 	67.16677000 
155.03585833 	47.53657044 	68.78576000 
154.95330866 	48.21247299 	70.37898000 
154.87059665 	48.84307649 	71.92207000 
154.79465190 	49.42204764 	73.39282000 
154.72871277 	49.94426380 	74.77288000 
154.67075675 	50.41124543 	76.04825000 
154.61936420 	50.81978894 	77.20940000 
154.57058505 	51.17250535 	78.25122000 
154.52964541 	51.47502763 	79.17206000 
154.49842644 	51.72377654 	79.97433000 
154.47104880 	51.93478349 	80.66348000 
154.44948932 	52.11086166 	81.24713000 
154.43352161 	52.25106371 	81.73470000 
154.42175761 	52.36471793 	82.13644000 
154.41145006 	52.45697158 	82.46312000 
154.40374874 	52.53138310 	82.72518000 
154.40363749 	52.56836515 	82.93279000 
154.42414749 	52.53954327 	83.09504000 
154.46096420 	52.45403786 	83.22029000 
154.54640142 	52.21989695 	83.31570000 

          71
165.90320977 	-2.89347334 	10.37970000 
165.90838448 	-2.77498063 	10.40271000 
165.91452290 	-2.70977955 	10.43297000 
165.92147357 	-2.64345818 	10.47290000 
165.92947238 	-2.56392799 	10.52535000 
165.94039270 	-2.46700913 	10.59362000 
165.95474744 	-2.34114236 	10.68214000 
165.97348150 	-2.17865744 	10.79640000 
165.99580405 	-1.96971378 	10.94345000 
166.02547938 	-1.70267016 	11.13134000 
166.06103241 	-1.36227472 	11.37076000 
166.10691898 	-0.93135512 	11.67383000 
166.16281684 	-0.38806965 	12.05603000 
166.22922888 	0.28893985 	12.53579000 
166.31013057 	1.11228171 	13.13465000 
166.40337276 	2.12574219 	13.87910000 
166.51056564 	3.36828034 	14.79968000 
166.63340457 	4.85339410 	15.93217000 
166.77070580 	6.63698957 	17.31820000 
166.89997271 	8.52298096 	18.81890000 
167.01168213 	10.36230553 	20.31951000 
167.10579708 	12.16325093 	21.82018000 
167.18017050 	13.93176638 	23.32130000 
167.23825695 	15.65743577 	24.82268000 
167.28186402 	17.34608718 	26.32417000 
167.31120313 	19.00473943 	27.82578000 
167.32238660 	20.63345839 	29.32816000 
167.31033927 	22.22465746 	30.83215000 
167.27902082 	23.79121284 	32.33712000 
167.23823656 	25.32179926 	33.84215000 
167.18103409 	26.81926948 	35.34807000 
167.10027023 	28.29021452 	36.85564000 
167.00192773 	29.71657427 	38.36444000 
166.88611948 	31.12224863 	39.87413000 
166.76814799 	32.47128919 	41.38394000 
166.64289539 	33.80016752 	42.89380000 
166.49053853 	35.08174223 	44.40574000 
166.32910444 	36.33978850 	45.91801000 
166.16793995 	37.55403849 	47.43029000 
166.00325507 	38.74300900 	48.94259000 
165.83111203 	39.89467145 	50.45541000 
165.65706626 	41.01820931 	51.96827000 
165.47880456 	42.11475725 	53.48134000 
165.30181185 	43.17626091 	54.99443000 
165.12365976 	44.21281949 	56.50758000 
164.94609564 	45.21173700 	58.02091000 
164.76606031 	46.19050991 	59.53434000 
164.58840830 	47.14045179 	61.04778000 
164.41253291 	48.06166793 	62.56126000 
164.23716656 	48.95843618 	64.07483000 
164.05934626 	49.82861674 	65.58868000 
163.88635536 	50.66930255 	67.10251000 
163.72022891 	51.47141625 	68.59191000 
163.56068702 	52.22712120 	70.03414000 
163.40797836 	52.92508865 	71.40903000 
163.26740700 	53.55887918 	72.69944000 
163.13979952 	54.13061740 	73.89216000 
163.02652758 	54.63729016 	74.97814000 
162.92805414 	55.08123950 	75.95235000 
162.84135248 	55.46597741 	76.81374000 
162.76651071 	55.78643579 	77.56461000 
162.70216966 	56.06015954 	78.20979000 
162.64805197 	56.28905838 	78.75647000 
162.60429873 	56.47417878 	79.21336000 
162.56919963 	56.62641387 	79.58999000 
162.53942781 	56.75001933 	79.89641000 
162.51680178 	56.84643975 	80.14237000 
162.51034291 	56.89005704 	80.33725000 
162.52758021 	56.86378084 	80.48963000 
162.56154897 	56.78315789 	80.60733000 
162.63260167 	56.58840321 	80.69710000 

          71
177.42887536 	-3.17161113 	12.34430000 
177.43343938 	-3.06036829 	12.36608000 
177.43782400 	-2.99566771 	12.39487000 
177.44309941 	-2.93070678 	12.43275000 
177.44988979 	-2.85279713 	12.48234000 
177.45916904 	-2.75544929 	12.54689000 
177.47138831 	-2.62901386 	12.63057000 
177.48566470 	-2.46562070 	12.73878000 
177.50511593 	-2.25586928 	12.87766000 
177.52953356 	-1.98762848 	13.05528000 
177.55938819 	-1.64628641 	13.28142000 
177.59632295 	-1.21368055 	13.56788000 
177.64120325 	-0.66820842 	13.92902000 
177.69563966 	0.01099000 	14.38204000 
177.76094412 	0.84236685 	14.94755000 
177.83524551 	1.86932558 	15.65034000 
177.92005525 	3.12687906 	16.51917000 
178.01198618 	4.64390345 	17.58825000 
178.10914618 	6.47131722 	18.89620000 
178.19450658 	8.40567651 	20.30706000 
178.26071666 	10.30158661 	21.71797000 
178.30425241 	12.16432804 	23.12946000 
178.32656469 	13.99790359 	24.54141000 
178.33195451 	15.79561485 	25.95351000 
178.32167538 	17.56113483 	27.36571000 
178.29502907 	19.29976101 	28.77810000 
178.23416920 	21.01425230 	30.19253000 
178.15530277 	22.69404749 	31.60749000 
178.05944306 	24.35046133 	33.02284000 
177.95280970 	25.97522622 	34.43819000 
177.82586504 	27.57012479 	35.85429000 
177.66378404 	29.14258208 	37.27217000 
177.48855909 	30.67320775 	38.69041000 
177.29777991 	32.18300909 	40.10898000 
177.09987617 	33.64453806 	41.52773000 
176.89304625 	35.08115893 	42.94655000 
176.66398266 	36.47272198 	44.36616000 
176.42470882 	37.83360936 	45.78600000 
176.18299173 	39.15394509 	47.20586000 
175.93801159 	40.44354358 	48.62572000 
175.68746066 	41.70184424 	50.04568000 
175.43522809 	42.92721088 	51.46565000 
175.17763502 	44.12865191 	52.88569000 
174.92139771 	45.29177171 	54.30572000 
174.66280065 	46.43368557 	55.72576000 
174.40710531 	47.53867472 	57.14577000 
174.15082464 	48.62157312 	58.56577000 
173.89389053 	49.67986981 	59.98578000 
173.63922376 	50.70719736 	61.40579000 
173.38523146 	51.71161632 	62.82579000 
173.13296365 	52.69209607 	64.24578000 
172.88304007 	53.64338879 	65.66579000 
172.63869721 	54.55485298 	67.06295000 
172.40371489 	55.41794306 	68.41582000 
172.18323299 	56.22022878 	69.70535000 
171.97844503 	56.95292287 	70.91567000 
171.78923879 	57.61606315 	72.03448000 
171.61892503 	58.20720552 	73.05325000 
171.46890899 	58.72739040 	73.96727000 
171.33619122 	59.18009637 	74.77550000 
171.22305552 	59.56415178 	75.47997000 
171.12645846 	59.89192290 	76.08535000 
171.04515333 	60.16644504 	76.59837000 
170.97792292 	60.39147004 	77.02719000 
170.92205767 	60.57551034 	77.38079000 
170.87682041 	60.72504518 	77.66847000 
170.84224311 	60.84053071 	77.89944000 
170.82872745 	60.89285648 	78.08248000 
170.83944654 	60.87302644 	78.22569000 
170.87007509 	60.79436823 	78.33630000 
170.93070375 	60.63009585 	78.42050000 

          71
188.86697743 	-2.97456704 	14.22800000 
188.87067515 	-2.87002956 	14.24853000 
188.87407746 	-2.80869649 	14.27569000 
188.87815797 	-2.74543334 	14.31142000 
188.88341980 	-2.66929116 	14.35821000 
188.89205603 	-2.57158057 	14.41898000 
188.90074133 	-2.44470176 	14.49808000 
188.91187223 	-2.28078460 	14.60021000 
188.92723721 	-2.07027857 	14.73132000 
188.94642659 	-1.80102273 	14.89904000 
188.96971411 	-1.45817553 	15.11261000 
188.99841661 	-1.02388499 	15.38316000 
189.03290035 	-0.47613950 	15.72431000 
189.07348753 	0.20622996 	16.15241000 
189.11969027 	1.04547468 	16.68709000 
189.17127374 	2.08376786 	17.35155000 
189.22905653 	3.35635405 	18.17306000 
189.28924219 	4.89756377 	19.18391000 
189.34596221 	6.76235343 	20.42370000 
189.38740967 	8.72365868 	21.74935000 
189.40355132 	10.65524941 	23.07560000 
189.39361779 	12.55514649 	24.40256000 
189.36479877 	14.42708757 	25.72968000 
189.32149148 	16.26819078 	27.05669000 
189.26035643 	18.08132171 	28.38391000 
189.17843436 	19.87108994 	29.71157000 
189.05334353 	21.63846209 	31.04102000 
188.91517769 	23.37401018 	32.37049000 
188.76346100 	25.08792953 	33.69998000 
188.60081373 	26.77578653 	35.02942000 
188.41646348 	28.43749687 	36.35920000 
188.18190747 	30.08007560 	37.69025000 
187.93794946 	31.68681756 	39.02132000 
187.68247463 	33.27292027 	40.35240000 
187.41697462 	34.82170212 	41.68352000 
187.14095419 	36.34424878 	43.01467000 
186.84571440 	37.82719856 	44.34584000 
186.53818097 	39.27631747 	45.67703000 
186.22679647 	40.68961460 	47.00821000 
185.91195410 	42.06860524 	48.33940000 
185.59253294 	43.41965037 	49.67058000 
185.27142668 	44.73435074 	51.00177000 
184.94595540 	46.02539694 	52.33295000 
184.62061862 	47.27876170 	53.66413000 
184.29281643 	48.50929106 	54.99532000 
183.96694304 	49.70846557 	56.32651000 
183.64327768 	50.88202516 	57.65772000 
183.31834104 	52.03400378 	58.98893000 
182.99505826 	53.15427784 	60.32014000 
182.67172570 	54.24991062 	61.65135000 
182.34995875 	55.32251747 	62.98256000 
182.03139464 	56.37001200 	64.31377000 
181.72189051 	57.37484330 	65.62352000 
181.42252992 	58.32850948 	66.89173000 
181.13705339 	59.21855979 	68.10055000 
180.87254884 	60.03530264 	69.23505000 
180.63036683 	60.77626046 	70.28367000 
180.41085297 	61.43870940 	71.23846000 
180.21668581 	62.02281593 	72.09505000 
180.04592026 	62.53167458 	72.85241000 
179.89863828 	62.96627881 	73.51247000 
179.77166284 	63.33764015 	74.07965000 
179.66487774 	63.64917176 	74.56024000 
179.57620338 	63.90486016 	74.96190000 
179.50283407 	64.11532614 	75.29305000 
179.44358803 	64.28694478 	75.56244000 
179.39725636 	64.42100577 	75.77869000 
179.37702236 	64.48119751 	75.95004000 
179.38478485 	64.46169886 	76.08408000 
179.41154452 	64.39091318 	76.18759000 
179.46320555 	64.24859855 	76.26600000 

          71
200.21540474 	-2.54899115 	15.99230000 
200.21813431 	-2.45296864 	16.01158000 
200.22054186 	-2.39787268 	16.03709000 
200.22350287 	-2.33690695 	16.07068000 
200.22724668 	-2.26170191 	16.11468000 
200.23195507 	-2.16414787 	16.17207000 
200.23805598 	-2.03731485 	16.24655000 
200.24583715 	-1.87337267 	16.34278000 
200.25698639 	-1.66284089 	16.46640000 
200.26885434 	-1.39315876 	16.62475000 
200.28362854 	-1.04983519 	16.82642000 
200.30345637 	-0.61483903 	17.08192000 
200.32500920 	-0.06577000 	17.40436000 
200.35135533 	0.61849902 	17.80906000 
200.37976581 	1.46210703 	18.31473000 
200.41195860 	2.50793455 	18.94329000 
200.44315466 	3.79146395 	19.72099000 
200.47024109 	5.35199449 	20.67842000 
200.48897542 	7.24201625 	21.85169000 
200.48176624 	9.22164198 	23.09656000 
200.44327873 	11.17844547 	24.34217000 
200.38781225 	13.10459127 	25.58777000 
200.31617560 	15.00438270 	26.83336000 
200.22813318 	16.87847841 	28.07898000 
200.11482031 	18.72937708 	29.32496000 
199.96558854 	20.56053143 	30.57169000 
199.79259033 	22.36927418 	31.81861000 
199.60603331 	24.15041808 	33.06554000 
199.40649588 	25.91096391 	34.31247000 
199.18221744 	27.64932157 	35.55953000 
198.93972805 	29.36351140 	36.80658000 
198.65182811 	31.05887598 	38.05333000 
198.35392398 	32.72437233 	39.30007000 
198.04520047 	34.36872268 	40.54682000 
197.72401589 	35.98329540 	41.79346000 
197.38904013 	37.57208321 	43.03997000 
197.03756106 	39.13106041 	44.28614000 
196.67113828 	40.65882706 	45.53200000 
196.29901061 	42.15692945 	46.77788000 
195.92283582 	43.62018639 	48.02378000 
195.54232840 	45.05553492 	49.26972000 
195.16022142 	46.45202807 	50.51567000 
194.77696939 	47.82179095 	51.76174000 
194.39285382 	49.15681339 	53.00785000 
194.00520063 	50.46554326 	54.25394000 
193.61643030 	51.74719237 	55.50007000 
193.22982245 	53.00153195 	56.74635000 
192.84483704 	54.23514753 	57.99278000 
192.46307323 	55.43883745 	59.23932000 
192.08092348 	56.61580870 	60.48586000 
191.69737296 	57.76949470 	61.73238000 
191.31594004 	58.89793163 	62.97896000 
190.94607854 	59.98446876 	64.20554000 
190.59105703 	61.01884562 	65.39322000 
190.25207751 	61.98645099 	66.52513000 
189.93478309 	62.87580838 	67.58728000 
189.64400249 	63.68254784 	68.56888000 
189.37953554 	64.40422733 	69.46245000 
189.14431114 	65.04267673 	70.26394000 
188.94031225 	65.60023191 	70.97244000 
188.76418926 	66.07862642 	71.58974000 
188.61168013 	66.48767011 	72.11998000 
188.48277398 	66.83071376 	72.56910000 
188.37661148 	67.11343292 	72.94432000 
188.28838122 	67.34578235 	73.25352000 
188.21562612 	67.53493388 	73.50493000 
188.16024888 	67.68315961 	73.70669000 
188.13460980 	67.74793070 	73.86646000 
188.13767994 	67.73202424 	73.99136000 
188.15747277 	67.67057962 	74.08776000 
188.20300615 	67.54339639 	74.16100000 

          71
211.47106131 	-1.84733651 	17.81030000 
211.47269735 	-1.76226960 	17.82832000 
211.47414764 	-1.70862141 	17.85218000 
211.47586336 	-1.64741334 	17.88363000 
211.47801170 	-1.57142554 	17.92488000 
211.48073465 	-1.47379807 	17.97873000 
211.48410014 	-1.34703089 	18.04870000 
211.48833072 	-1.18311383 	18.13919000 
211.49522603 	-0.97208658 	18.25559000 
211.50145609 	-0.70166871 	18.40480000 
211.51048863 	-0.35704983 	18.59495000 
211.52054483 	0.08011000 	18.83626000 
211.53176537 	0.63216906 	19.14095000 
211.54426400 	1.32124141 	19.52381000 
211.55658921 	2.17408174 	20.00257000 
211.56700572 	3.23258424 	20.59833000 
211.57402147 	4.53412303 	21.33597000 
211.57018830 	6.12293568 	22.24492000 
211.53398091 	8.03925629 	23.35068000 
211.47129674 	10.04218043 	24.51897000 
211.38957027 	12.02397776 	25.68728000 
211.29168377 	13.97987464 	26.85558000 
211.17715483 	15.91182067 	28.02388000 
211.03545126 	17.82104213 	29.19230000 
210.86302040 	19.70878070 	30.36077000 
210.65940878 	21.57671994 	31.52911000 
210.44030882 	23.42560728 	32.69742000 
210.20735225 	25.25025471 	33.86574000 
209.96077323 	27.05370559 	35.03405000 
209.67900701 	28.83565114 	36.20163000 
209.37444016 	30.59284214 	37.36885000 
209.03990842 	32.33042743 	38.53511000 
208.69332829 	34.04385149 	39.70132000 
208.33614887 	35.73477710 	40.86754000 
207.96555526 	37.40341115 	42.03355000 
207.57671063 	39.04647810 	43.19896000 
207.17484233 	40.66687147 	44.36408000 
206.75775207 	42.26057803 	45.52865000 
206.33229105 	43.83040167 	46.69320000 
205.90055938 	45.36840707 	47.85770000 
205.46542095 	46.87795073 	49.02240000 
205.02979915 	48.34902238 	50.18730000 
204.59423457 	49.78604177 	51.35243000 
204.15693458 	51.19354249 	52.51770000 
203.71712428 	52.57044279 	53.68299000 
203.27383178 	53.92268841 	54.84830000 
202.83053013 	55.24465751 	56.01372000 
202.39070103 	56.54469787 	57.17959000 
201.95713380 	57.81953937 	58.34599000 
201.52439719 	59.06552583 	59.51247000 
201.08951842 	60.28668008 	60.67889000 
200.65323620 	61.48254062 	61.84527000 
200.22528802 	62.63375476 	62.99279000 
199.82190091 	63.73178119 	64.10432000 
199.43718544 	64.76061844 	65.16347000 
199.07806496 	65.70796818 	66.15712000 
198.74557705 	66.56882314 	67.07503000 
198.44466029 	67.33952517 	67.91033000 
198.17437084 	68.02146290 	68.65914000 
197.93653964 	68.61611314 	69.32068000 
197.72946400 	69.12729165 	69.89668000 
197.55505219 	69.56683471 	70.39131000 
197.40842983 	69.93544581 	70.81002000 
197.28688274 	70.23869791 	71.15954000 
197.18821591 	70.48795269 	71.44740000 
197.10549010 	70.69087250 	71.68119000 
197.04086718 	70.84825317 	71.86861000 
197.01056154 	70.91919671 	72.01694000 
197.01051709 	70.90807052 	72.13278000 
197.02611444 	70.85440748 	72.22207000 
197.06480204 	70.73699826 	72.29000000 

          71
222.63142116 	-0.82506811 	19.70770000 
222.63208917 	-0.74926859 	19.72444000 
222.63251773 	-0.69418888 	19.74665000 
222.63327171 	-0.63243915 	19.77596000 
222.63544194 	-0.55751942 	19.81440000 
222.63597561 	-0.45959967 	19.86478000 
222.63663237 	-0.33205988 	19.93037000 
222.63909743 	-0.16691998 	20.01530000 
222.63973523 	0.04610000 	20.12485000 
222.64210072 	0.31951989 	20.26540000 
222.64407691 	0.66832900 	20.44489000 
222.64602376 	1.11186538 	20.67300000 
222.64552812 	1.67251427 	20.96153000 
222.64509271 	2.37409501 	21.32463000 
222.64049745 	3.24539508 	21.77939000 
222.63205669 	4.32896727 	22.34611000 
222.59886677 	5.66694808 	23.04896000 
222.54119200 	7.30760751 	23.91623000 
222.45451734 	9.30713733 	24.98347000 
222.34847601 	11.33992104 	26.08007000 
222.22370695 	13.35227188 	27.17666000 
222.08255227 	15.34326594 	28.27325000 
221.91183515 	17.31301527 	29.36956000 
221.70603801 	19.26126039 	30.46523000 
221.47154910 	21.18663705 	31.56033000 
221.22352381 	23.09213433 	32.65550000 
220.95954193 	24.98077509 	33.75061000 
220.67966465 	26.84736771 	34.84560000 
220.38001663 	28.68951166 	35.94021000 
220.04341448 	30.50920863 	37.03286000 
219.67530127 	32.30328521 	38.12392000 
219.29550931 	34.07660425 	39.21501000 
218.90391054 	35.83104623 	40.30611000 
218.50057711 	37.56321379 	41.39713000 
218.08432495 	39.27747849 	42.48796000 
217.64416274 	40.96733752 	43.57727000 
217.19325314 	42.63608394 	44.66647000 
216.72934258 	44.28162770 	45.75519000 
216.25710849 	45.90328426 	46.84393000 
215.77794239 	47.49725582 	47.93268000 
215.29552296 	49.05831021 	49.02166000 
214.81106441 	50.59099232 	50.11105000 
214.32695942 	52.08940392 	51.20089000 
213.84255938 	53.55915894 	52.29116000 
213.35555983 	54.99423488 	53.38140000 
212.86483666 	56.40227668 	54.47161000 
212.37314048 	57.77711389 	55.56187000 
211.88626484 	59.12401163 	56.65280000 
211.40826554 	60.45092025 	57.74496000 
210.93165948 	61.74646790 	58.83726000 
210.45471589 	63.01319926 	59.92956000 
209.97674935 	64.25450413 	61.02185000 
209.50788341 	65.44775577 	62.09635000 
209.05283515 	66.58206359 	63.13625000 
208.63448951 	67.64490795 	64.12798000 
208.24315985 	68.62414686 	65.05796000 
207.88175374 	69.51351405 	65.91656000 
207.55419453 	70.30905807 	66.69733000 
207.26192555 	71.01390639 	67.39682000 
207.00311594 	71.62647500 	68.01409000 
206.77847051 	72.15373010 	68.55106000 
206.58513033 	72.60395202 	69.01148000 
206.42255354 	72.98067042 	69.40077000 
206.28854273 	73.29041657 	69.72535000 
206.17754894 	73.54468530 	69.99223000 
206.08978794 	73.75266042 	70.20892000 
206.02161494 	73.91516942 	70.38241000 
205.98619111 	73.98670824 	70.51934000 
205.98268600 	73.98043296 	70.62619000 
205.99433275 	73.93198343 	70.70836000 
206.03039542 	73.82039801 	70.77080000 

          71
233.69294516 	0.31687990 	21.53090000 
233.69276466 	0.38994982 	21.54635000 
233.69227354 	0.44118974 	21.56689000 
233.69150164 	0.50161961 	21.59408000 
233.69045933 	0.57632942 	21.62990000 
233.68928582 	0.67476906 	21.67686000 
233.68899028 	0.80302842 	21.73815000 
233.68771944 	0.96937722 	21.81775000 
233.68462805 	1.18449493 	21.92062000 
233.68245109 	1.46129048 	22.05298000 
233.67840773 	1.81548174 	22.22240000 
233.67163543 	2.26679445 	22.43820000 
233.65788984 	2.83929013 	22.71166000 
233.63404894 	3.55802249 	23.05645000 
233.60119053 	4.45462007 	23.48923000 
233.55405070 	5.57208157 	24.02968000 
233.49040740 	6.95335274 	24.70140000 
233.39894170 	8.65254959 	25.53190000 
233.27094707 	10.70808370 	26.54602000 
233.12489855 	12.77363885 	27.57513000 
232.96119389 	14.82030557 	28.60423000 
232.75974738 	16.84812969 	29.63212000 
232.52190561 	18.85474190 	30.65867000 
232.26179606 	20.84156374 	31.68470000 
231.98617253 	22.80805983 	32.71070000 
231.69624240 	24.75375282 	33.73675000 
231.39141789 	26.68249516 	34.76277000 
231.06948215 	28.59300851 	35.78850000 
230.69700878 	30.47360970 	36.81012000 
230.30702701 	32.33227175 	37.83113000 
229.89755146 	34.17164859 	38.85124000 
229.47564898 	35.98887352 	39.87128000 
229.04125397 	37.78860408 	40.89128000 
228.59500050 	39.56833504 	41.91122000 
228.13723093 	41.33017557 	42.93115000 
227.65104977 	43.06896687 	43.94838000 
227.15413829 	44.78491922 	44.96547000 
226.64674555 	46.48274703 	45.98251000 
226.13158130 	48.15285067 	46.99957000 
225.60786641 	49.80455463 	48.01676000 
225.07928966 	51.42757444 	49.03422000 
224.55018503 	53.02452226 	50.05261000 
224.02025874 	54.58818175 	51.07151000 
223.49201801 	56.11983996 	52.09123000 
222.96206835 	57.61048814 	53.11087000 
222.43163349 	59.05943852 	54.13044000 
221.90032081 	60.47359152 	55.15006000 
221.37412451 	61.85013258 	56.17030000 
220.85576994 	63.20448332 	57.19200000 
220.34393966 	64.53021022 	58.21460000 
219.83477459 	65.82161299 	59.23738000 
219.32524504 	67.08417054 	60.26011000 
218.82491257 	68.29710213 	61.26593000 
218.34241507 	69.44567412 	62.23917000 
217.88504185 	70.51455442 	63.16578000 
217.47226308 	71.49990849 	64.03566000 
217.09346085 	72.39439506 	64.83831000 
216.75059936 	73.19171613 	65.56744000 
216.44335274 	73.89815362 	66.21984000 
216.17576191 	74.50676978 	66.79499000 
215.94321296 	75.02860420 	67.29451000 
215.74324793 	75.47476347 	67.72218000 
215.57561214 	75.84550385 	68.08313000 
215.43819684 	76.15001827 	68.38362000 
215.32374991 	76.39988517 	68.63013000 
215.23055325 	76.60169959 	68.82964000 
215.15763212 	76.75909332 	68.98903000 
215.12166468 	76.82562009 	69.11474000 
215.11277281 	76.82105271 	69.21241000 
215.12129064 	76.77640417 	69.28745000 
215.15449820 	76.66729887 	69.34430000 

          71
244.63537531 	1.23843471 	23.22260000 
244.63448194 	1.31011374 	23.23674000 
244.63317788 	1.35852302 	23.25560000 
244.63143928 	1.41818206 	23.28063000 
244.62899443 	1.49294073 	23.31371000 
244.62389650 	1.59095878 	23.35703000 
244.61953534 	1.71968584 	23.41394000 
244.61366912 	1.88734127 	23.48804000 
244.60383619 	2.10458403 	23.58389000 
244.59317652 	2.38457223 	23.70764000 
244.57750020 	2.74376245 	23.86628000 
244.55727790 	3.20207852 	24.06881000 
244.53138861 	3.78434896 	24.32609000 
244.49587690 	4.51545336 	24.65112000 
244.44779660 	5.42962366 	25.05969000 
244.38318806 	6.57237804 	25.57071000 
244.29500498 	7.98626834 	26.20650000 
244.17623189 	9.72957756 	26.99285000 
244.01258255 	11.84692187 	27.95624000 
243.83190651 	13.94840617 	28.91968000 
243.60867460 	16.03228440 	29.88066000 
243.34562404 	18.09969217 	30.83938000 
243.06705958 	20.14943950 	31.79820000 
242.77190694 	22.18230554 	32.75695000 
242.46068516 	24.19835660 	33.71565000 
242.13443040 	26.19532799 	34.67436000 
241.78433107 	28.17219548 	35.63183000 
241.40834746 	30.13328379 	36.58781000 
240.99155887 	32.06980817 	37.53937000 
240.55862643 	33.98030118 	38.49036000 
240.11051678 	35.87674002 	39.44109000 
239.65019330 	37.75527698 	40.39194000 
239.17829840 	39.61451285 	41.34293000 
238.68965160 	41.45800810 	42.29317000 
238.18871125 	43.27351579 	43.24301000 
237.66698593 	45.07140270 	44.19109000 
237.13249889 	46.84639882 	45.13868000 
236.58590973 	48.61172158 	46.08632000 
236.02770058 	50.36453376 	47.03397000 
235.45729815 	52.10512119 	47.98149000 
234.88007555 	53.81930406 	48.92924000 
234.30693839 	55.49588972 	49.87868000 
233.73156508 	57.13886406 	50.82862000 
233.16007738 	58.73979818 	51.77966000 
232.58863869 	60.29677639 	52.73085000 
232.02150818 	61.79619256 	53.68217000 
231.45466315 	63.24968903 	54.63327000 
230.89425881 	64.64874539 	55.58463000 
230.33917283 	66.00822616 	56.53662000 
229.80108113 	67.34185465 	57.49149000 
229.27128607 	68.63065015 	58.44693000 
228.74532129 	69.88075626 	59.40244000 
228.23023348 	71.07843180 	60.34194000 
227.73622658 	72.20206678 	61.25052000 
227.26964467 	73.24126157 	62.11490000 
226.83483870 	74.19121753 	62.92410000 
226.44585344 	75.05408492 	63.67135000 
226.10135662 	75.82372099 	64.35021000 
225.79412137 	76.50396954 	64.95684000 
225.52671207 	77.08371298 	65.49054000 
225.29659760 	77.58161091 	65.95347000 
225.09849924 	78.00518196 	66.34891000 
224.93312446 	78.35519790 	66.68192000 
224.79807818 	78.64113601 	66.95855000 
224.68593277 	78.87524700 	67.18488000 
224.59612459 	79.06423225 	67.36774000 
224.52685517 	79.20688042 	67.51335000 
224.49064772 	79.26593276 	67.62772000 
224.48156753 	79.25957169 	67.71647000 
224.48889984 	79.21629621 	67.78447000 
224.51809777 	79.10979596 	67.83540000 

          71
255.45159431 	1.74436644 	24.85230000 
255.45032240 	1.81074484 	24.86512000 
255.44836914 	1.85853360 	24.88225000 
255.44573513 	1.91858196 	24.90507000 
255.44228090 	1.99355976 	24.93530000 
255.43754168 	2.09222661 	24.97515000 
255.43130878 	2.22163199 	25.02745000 
255.42289284 	2.39061510 	25.09573000 
255.41165406 	2.61007457 	25.18441000 
255.39661549 	2.89386808 	25.29904000 
255.37715696 	3.25892156 	25.44651000 
255.35161579 	3.72609778 	25.63523000 
255.31769347 	4.32069380 	25.87551000 
255.27274458 	5.06911692 	26.17985000 
255.21420895 	6.00985474 	26.56350000 
255.13508537 	7.18834938 	27.04440000 
255.02823503 	8.65214130 	27.64409000 
254.88574507 	10.44624829 	28.38062000 
254.69776713 	12.59554297 	29.26800000 
254.44966742 	14.71947548 	30.14987000 
254.17904551 	16.82833556 	31.03089000 
253.89208745 	18.92525764 	31.91199000 
253.58863980 	21.00929645 	32.79309000 
253.26977500 	23.08066833 	33.67433000 
252.93488725 	25.13869679 	34.55556000 
252.58278059 	27.18300894 	35.43654000 
252.20590047 	29.20749115 	36.31567000 
251.77701762 	31.19502422 	37.18734000 
251.33375706 	33.17001121 	38.05908000 
250.87678818 	35.12859030 	38.93086000 
250.40501901 	37.07073699 	39.80238000 
249.91845091 	39.00667929 	40.67391000 
249.42294191 	40.90520164 	41.54560000 
248.91074456 	42.79449469 	42.41665000 
248.38170266 	44.66210657 	43.28650000 
247.83715752 	46.51264613 	44.15551000 
247.27701002 	48.34700731 	45.02365000 
246.70550770 	50.16472066 	45.89178000 
246.12205620 	51.96997335 	46.75991000 
245.52902690 	53.75252040 	47.62803000 
244.92458215 	55.52253060 	48.49615000 
244.31684246 	57.27385600 	49.36573000 
243.69910869 	59.01802653 	50.23578000 
243.08494866 	60.74187467 	51.10849000 
242.46747132 	62.42580156 	51.98121000 
241.85448589 	64.04360907 	52.85395000 
241.24505237 	65.60163668 	53.72660000 
240.63898086 	67.10717518 	54.59930000 
240.04441057 	68.53916602 	55.47227000 
239.46375535 	69.91205789 	56.34652000 
238.89919828 	71.23595868 	57.22274000 
238.35521267 	72.49901462 	58.10088000 
237.82746832 	73.69419088 	58.96419000 
237.32852631 	74.79729263 	59.79897000 
236.85655725 	75.81645284 	60.59247000 
236.42022275 	76.73938934 	61.33480000 
236.02153299 	77.56765823 	62.01819000 
235.66434573 	78.29784189 	62.63759000 
235.35040957 	78.93607667 	63.19073000 
235.08719025 	79.48128397 	63.67822000 
234.86230029 	79.94895994 	64.10067000 
234.67135530 	80.34435675 	64.46108000 
234.51331016 	80.66586391 	64.76395000 
234.38341228 	80.93036038 	65.01502000 
234.27661084 	81.14580770 	65.22004000 
234.19072142 	81.31900156 	65.38523000 
234.12792311 	81.43892516 	65.51639000 
234.09858627 	81.47540417 	65.61919000 
234.09199780 	81.46038158 	65.69884000 
234.09833957 	81.41570410 	65.75959000 
234.12459402 	81.31890292 	65.80530000 
1