71
116.324 35.3681 126.027
116.382 35.1904 126.059
116.408 35.1206 126.101
116.44 35.0315 126.155
116.482 34.9184 126.223
116.534 34.7757 126.31
116.599 34.5965 126.418
116.68 34.3733 126.553
116.774 34.1142 126.72
116.889 33.7938 126.927
117.03 33.3975 127.182
117.191 32.9496 127.493
117.367 32.469 127.872
117.567 31.9184 128.33
117.794 31.2975 128.881
118.056 30.5707 129.54
118.356 29.7272 130.324
118.693 28.7759 131.251
119.079 27.696 132.351
119.444 26.6622 133.46
119.79 25.6687 134.569
120.111 24.7561 135.678
120.42 23.8638 136.787
120.711 23.0419 137.895
120.996 22.2707 139.003
121.268 21.5354 140.111
121.529 20.837 141.218
121.778 20.1897 142.326
122.019 19.5651 143.433
122.254 18.9765 144.541
122.487 18.4359 145.647
122.717 17.9063 146.753
122.938 17.4193 147.859
123.154 16.9569 148.965
123.366 16.5163 150.07
123.574 16.0987 151.176
123.787 15.7144 152.28
123.997 15.3516 153.384
124.204 15.0069 154.488
124.407 14.6913 155.592
124.606 14.3979 156.696
124.804 14.1171 157.8
125.002 13.8927 158.903
125.202 13.6827 160.005
125.398 13.501 161.107
125.589 13.3583 162.21
125.777 13.2461 163.312
125.962 13.1567 164.414
126.144 13.104 165.516
126.318 13.084 166.605
126.485 13.0918 167.668
126.642 13.1401 168.691
126.788 13.2176 169.666
126.923 13.3022 170.584
127.042 13.4203 171.438
127.15 13.5317 172.223
127.239 13.659 172.938
127.319 13.7746 173.58
127.388 13.8972 174.151
127.448 14.0049 174.652
127.499 14.1117 175.089
127.543 14.2071 175.463
127.58 14.2882 175.782
127.611 14.3617 176.051
127.636 14.4232 176.275
127.657 14.4739 176.459
127.673 14.5153 176.61
127.687 14.5523 176.732
127.695 14.5965 176.829
127.7 14.6415 176.906
127.692 14.7941 176.966

71
125.072 36.4197 125.567
125.125 36.2518 125.597
125.146 36.193 125.636
125.172 36.1176 125.686
125.207 36.0215 125.75
125.25 35.8996 125.831
125.304 35.7459 125.934
125.372 35.5531 126.062
125.455 35.3183 126.222
125.555 35.0328 126.421
125.672 34.6977 126.666
125.809 34.3102 126.967
125.963 33.8765 127.334
126.145 33.3615 127.78
126.357 32.7582 128.319
126.595 32.0871 128.965
126.871 31.2949 129.738
127.18 30.3956 130.655
127.536 29.3738 131.742
127.886 28.3688 132.873
128.218 27.4083 134.005
128.532 26.4995 135.136
128.828 25.6387 136.268
129.111 24.8218 137.399
129.385 24.0571 138.53
129.649 23.3404 139.66
129.903 22.6545 140.791
130.145 22.0088 141.921
130.378 21.4053 143.051
130.605 20.8258 144.182
130.831 20.2852 145.311
131.053 19.7738 146.44
131.269 19.2945 147.569
131.479 18.8317 148.698
131.682 18.4096 149.826
131.882 18.0072 150.955
132.086 17.629 152.083
132.289 17.27 153.21
132.487 16.9462 154.337
132.683 16.6423 155.465
132.875 16.3614 156.592
133.062 16.1096 157.719
133.253 15.8859 158.845
133.442 15.6882 159.971
133.63 15.5222 161.096
133.812 15.3917 162.222
133.99 15.2895 163.348
134.166 15.2071 164.473
134.337 15.1661 165.599
134.502 15.1523 166.711
134.661 15.1637 167.795
134.809 15.2145 168.838
134.946 15.2928 169.831
135.073 15.3784 170.764
135.183 15.4879 171.632
135.282 15.5932 172.428
135.365 15.7177 173.151
135.438 15.8313 173.799
135.502 15.9451 174.373
135.558 16.0448 174.877
135.604 16.1448 175.313
135.644 16.2325 175.688
135.677 16.3072 176.005
135.704 16.3763 176.271
135.727 16.4337 176.492
135.745 16.4809 176.674
135.76 16.5192 176.821
135.771 16.5562 176.94
135.779 16.5981 177.034
135.784 16.6434 177.108
135.774 16.788 177.167

71
133.819 37.4783 125.175
133.864 37.325 125.202
133.885 37.2627 125.239
133.908 37.1965 125.286
133.938 37.1109 125.348
133.975 37.0009 125.426
134.024 36.8601 125.527
134.085 36.6811 125.655
134.161 36.4567 125.817
134.254 36.183 126.021
134.365 35.8555 126.276
134.488 35.5051 126.593
134.636 35.078 126.985
134.815 34.558 127.468
135.028 33.9338 128.058
135.271 33.2193 128.775
135.552 32.3899 129.642
135.876 31.4286 130.685
136.209 30.4451 131.807
136.527 29.5081 132.928
136.828 28.6169 134.05
137.114 27.7745 135.171
137.386 26.973 136.293
137.645 26.2139 137.414
137.899 25.4944 138.535
138.144 24.8161 139.655
138.377 24.1846 140.776
138.603 23.579 141.896
138.821 23.0048 143.017
139.031 22.4612 144.137
139.241 21.9531 145.257
139.447 21.4708 146.377
139.648 21.0144 147.496
139.844 20.5843 148.615
140.035 20.1785 149.735
140.221 19.7982 150.854
140.41 19.4394 151.972
140.598 19.1067 153.09
140.784 18.7965 154.208
140.966 18.5056 155.326
141.143 18.2438 156.444
141.317 18.0113 157.562
141.492 17.8022 158.679
141.669 17.6124 159.795
141.841 17.4579 160.912
142.009 17.3324 162.029
142.175 17.2336 163.145
142.338 17.1548 164.262
142.495 17.1171 165.378
142.649 17.1 166.495
142.798 17.1022 167.596
142.938 17.153 168.667
143.069 17.2216 169.693
143.191 17.3089 170.665
143.297 17.4115 171.572
143.392 17.5115 172.408
143.472 17.6324 173.169
143.542 17.7438 173.852
143.603 17.8558 174.457
143.656 17.9543 174.987
143.7 18.0499 175.445
143.739 18.1344 175.836
143.771 18.206 176.166
143.796 18.2742 176.441
143.817 18.3303 176.668
143.833 18.376 176.853
143.847 18.4129 177.001
143.857 18.4505 177.119
143.863 18.4911 177.213
143.867 18.5367 177.285
143.855 18.6751 177.341

71
142.536 38.6452 124.858
142.574 38.5093 124.884
142.594 38.4477 124.917
142.615 38.387 124.962
142.641 38.3072 125.02
142.675 38.2031 125.097
142.72 38.0679 125.196
142.777 37.8934 125.324
142.85 37.6701 125.488
142.938 37.4004 125.698
143.048 37.0651 125.964
143.171 36.6948 126.3
143.32 36.2525 126.722
143.499 35.7169 127.247
143.715 35.0648 127.899
143.966 34.3017 128.703
144.258 33.4113 129.687
144.573 32.4464 130.798
144.874 31.5363 131.909
145.165 30.6565 133.019
145.438 29.8305 134.129
145.699 29.0457 135.239
145.95 28.2866 136.349
146.188 27.5745 137.459
146.421 26.9027 138.569
146.648 26.2682 139.678
146.864 25.6642 140.787
147.073 25.0893 141.897
147.274 24.5479 143.006
147.469 24.0354 144.115
147.664 23.5486 145.224
147.857 23.087 146.332
148.043 22.6562 147.441
148.224 22.2482 148.549
148.401 21.8588 149.657
148.575 21.4873 150.766
148.748 21.1516 151.873
148.924 20.8366 152.98
149.095 20.5417 154.087
149.262 20.2626 155.195
149.426 20.0198 156.302
149.586 19.7998 157.409
149.746 19.603 158.515
149.908 19.4255 159.622
150.065 19.28 160.728
150.22 19.1613 161.834
150.373 19.0612 162.939
150.52 18.9932 164.046
150.664 18.951 165.152
150.805 18.9322 166.258
150.941 18.9416 167.364
151.072 18.9793 168.453
151.197 19.0373 169.508
151.311 19.129 170.515
151.413 19.2276 171.462
151.503 19.3307 172.34
151.58 19.445 173.141
151.648 19.5572 173.862
151.705 19.6692 174.502
151.755 19.7707 175.061
151.798 19.8655 175.544
151.834 19.9497 175.954
151.864 20.0204 176.299
151.887 20.0904 176.584
151.905 20.1478 176.818
151.921 20.1941 177.006
151.933 20.231 177.156
151.941 20.27 177.274
151.945 20.3102 177.366
151.947 20.3572 177.436
151.936 20.4915 177.49

71
151.277 39.777 124.812
151.309 39.659 124.835
151.328 39.5982 124.866
151.346 39.5413 124.908
151.37 39.4654 124.963
151.402 39.3645 125.037
151.444 39.2314 125.134
151.498 39.0567 125.262
151.57 38.8287 125.428
151.658 38.547 125.644
151.77 38.193 125.923
151.896 37.7962 126.28
152.045 37.3362 126.735
152.226 36.7739 127.311
152.447 36.0822 128.037
152.709 35.2562 128.955
153.007 34.3117 130.05
153.291 33.4172 131.145
153.565 32.5638 132.24
153.828 31.747 133.334
154.079 30.9645 134.429
154.316 30.2289 135.524
154.545 29.5143 136.618
154.764 28.8504 137.713
154.978 28.2183 138.807
155.186 27.6166 139.901
155.385 27.0441 140.995
155.578 26.5028 142.089
155.763 25.9928 143.183
155.942 25.504 144.277
156.123 25.0421 145.37
156.3 24.6024 146.463
156.47 24.1971 147.556
156.637 23.8073 148.65
156.8 23.4355 149.743
156.961 23.0766 150.836
157.12 22.7577 151.928
157.28 22.4552 153.021
157.437 22.1728 154.113
157.591 21.9072 155.205
157.739 21.6752 156.297
157.885 21.4668 157.389
158.03 21.2785 158.481
158.179 21.1137 159.572
158.322 20.9722 160.664
158.461 20.8653 161.755
158.598 20.7738 162.846
158.731 20.7096 163.938
158.862 20.665 165.029
158.986 20.6546 166.12
159.109 20.6702 167.212
159.228 20.704 168.303
159.342 20.7617 169.375
159.447 20.8556 170.411
159.543 20.9588 171.393
159.625 21.0743 172.311
159.698 21.1903 173.153
159.761 21.3077 173.914
159.814 21.4258 174.59
159.86 21.5381 175.181
159.9 21.6374 175.69
159.933 21.7236 176.122
159.96 21.7956 176.483
159.982 21.864 176.78
159.999 21.9196 177.021
160.013 21.964 177.214
160.024 21.9991 177.366
160.031 22.0349 177.484
160.036 22.0655 177.575
160.037 22.1042 177.643
160.026 22.2194 177.694

71
160.027 40.89 124.911
160.055 40.7832 124.932
160.072 40.7278 124.959
160.087 40.6761 124.997
160.108 40.6079 125.047
160.136 40.517 125.114
160.172 40.3962 125.203
160.22 40.2369 125.32
160.283 40.028 125.474
160.362 39.7628 125.675
160.464 39.4231 125.935
160.579 39.0474 126.27
160.715 38.605 126.699
160.876 38.0835 127.246
161.077 37.4353 127.938
161.314 36.6597 128.809
161.594 35.7366 129.906
161.866 34.8491 131.007
162.127 34.0059 132.107
162.378 33.1957 133.208
162.616 32.4244 134.308
162.842 31.6977 135.409
163.059 30.9998 136.509
163.267 30.3421 137.609
163.471 29.7166 138.709
163.668 29.1166 139.809
163.856 28.5587 140.909
164.037 28.0272 142.009
164.213 27.5241 143.109
164.383 27.0419 144.209
164.551 26.5892 145.308
164.717 26.1588 146.407
164.877 25.7581 147.507
165.034 25.3739 148.606
165.186 25.0091 149.705
165.335 24.6655 150.805
165.484 24.3489 151.903
165.632 24.0537 153.002
165.778 23.7769 154.1
165.92 23.5275 155.199
166.057 23.303 156.297
166.191 23.1049 157.396
166.325 22.922 158.494
166.458 22.769 159.592
166.59 22.6381 160.689
166.716 22.5403 161.787
166.84 22.4581 162.885
166.961 22.4024 163.982
167.079 22.3664 165.08
167.191 22.3686 166.178
167.299 22.3943 167.276
167.405 22.4376 168.374
167.507 22.5038 169.452
167.599 22.6067 170.492
167.683 22.719 171.478
167.753 22.8419 172.398
167.816 22.9636 173.241
167.871 23.0834 174.001
167.916 23.2057 174.675
167.954 23.3211 175.263
167.987 23.4217 175.769
168.015 23.5075 176.196
168.038 23.5798 176.552
168.056 23.6478 176.844
168.07 23.7027 177.08
168.082 23.7465 177.268
168.091 23.7809 177.415
168.096 23.8167 177.53
168.099 23.8462 177.617
168.101 23.8841 177.683
168.088 23.9963 177.732

71
168.751 42.0197 124.834
168.777 41.9207 124.852
168.791 41.8715 124.876
168.805 41.8243 124.91
168.822 41.7649 124.954
168.845 41.6852 125.015
168.877 41.5789 125.095
168.918 41.4377 125.201
168.972 41.2515 125.342
169.042 41.0107 125.526
169.129 40.7064 125.766
169.236 40.3402 126.077
169.362 39.9093 126.478
169.505 39.4321 126.992
169.683 38.8299 127.646
169.9 38.0927 128.475
170.154 37.2304 129.522
170.414 36.339 130.632
170.661 35.5065 131.742
170.9 34.7018 132.852
171.128 33.9403 133.962
171.346 33.2138 135.072
171.553 32.5252 136.182
171.75 31.8781 137.291
171.942 31.2522 138.401
172.128 30.6623 139.511
172.307 30.1072 140.62
172.479 29.585 141.729
172.644 29.082 142.839
172.804 28.6092 143.948
172.961 28.1623 145.057
173.116 27.7438 146.166
173.267 27.3414 147.275
173.413 26.962 148.384
173.556 26.6012 149.493
173.693 26.269 150.602
173.83 25.9571 151.711
173.968 25.6686 152.819
174.103 25.3949 153.927
174.231 25.1563 155.036
174.358 24.9398 156.144
174.48 24.7475 157.252
174.602 24.5716 158.36
174.724 24.4248 159.468
174.843 24.3029 160.576
174.957 24.2108 161.683
175.069 24.1361 162.791
175.178 24.0863 163.899
175.283 24.0572 165.006
175.382 24.0697 166.114
175.478 24.103 167.222
175.571 24.1541 168.33
175.66 24.229 169.417
175.74 24.3392 170.466
175.813 24.4588 171.459
175.873 24.5879 172.384
175.926 24.7149 173.23
175.971 24.8382 173.991
176.008 24.9645 174.664
176.04 25.0823 175.25
176.067 25.1843 175.752
176.089 25.2708 176.175
176.108 25.3442 176.527
176.122 25.413 176.814
176.133 25.4683 177.045
176.142 25.5123 177.228
176.149 25.5466 177.372
176.152 25.585 177.482
176.154 25.6163 177.566
176.153 25.6563 177.629
176.141 25.77 177.675

71
177.471 43.1207 124.592
177.495 43.0194 124.612
177.51 42.9667 124.638
177.523 42.9197 124.674
177.541 42.8574 124.723
177.564 42.7743 124.787
177.595 42.6643 124.872
177.635 42.5193 124.984
177.688 42.3293 125.131
177.756 42.0882 125.322
177.841 41.7844 125.569
177.941 41.4239 125.888
178.06 41.0011 126.297
178.194 40.5396 126.817
178.361 39.955 127.476
178.563 39.2401 128.305
178.793 38.4233 129.34
179.034 37.5619 130.449
179.261 36.7634 131.557
179.485 35.9859 132.665
179.695 35.2551 133.772
179.896 34.5563 134.88
180.089 33.8943 135.988
180.27 33.2678 137.096
180.448 32.6642 138.204
180.621 32.096 139.311
180.785 31.5621 140.419
180.944 31.0592 141.526
181.098 30.5738 142.634
181.244 30.1174 143.741
181.387 29.6886 144.849
181.528 29.2852 145.956
181.666 28.8979 147.063
181.801 28.5292 148.17
181.93 28.1815 149.277
182.055 27.8599 150.385
182.179 27.5596 151.492
182.303 27.2786 152.598
182.426 27.0168 153.705
182.544 26.781 154.812
182.655 26.573 155.918
182.766 26.3856 157.025
182.874 26.2188 158.132
182.983 26.0767 159.238
183.088 25.961 160.344
183.19 25.8723 161.45
183.287 25.8052 162.557
183.383 25.7595 163.663
183.474 25.734 164.769
183.561 25.7542 165.875
183.644 25.7912 166.981
183.724 25.8452 168.088
183.799 25.9289 169.174
183.867 26.0388 170.223
183.928 26.1607 171.218
183.978 26.2956 172.146
184.023 26.4252 172.997
184.059 26.5543 173.764
184.089 26.6808 174.446
184.114 26.8027 175.041
184.136 26.9086 175.553
184.154 26.9997 175.986
184.17 27.0756 176.348
184.18 27.1483 176.645
184.189 27.2078 176.885
184.196 27.2553 177.077
184.201 27.2926 177.228
184.204 27.3322 177.345
184.205 27.3682 177.434
184.203 27.4106 177.502
184.189 27.5313 177.552

71
186.19 44.2128 124.364
186.216 44.1042 124.386
186.229 44.0553 124.414
186.243 44.0062 124.453
186.26 43.9408 124.504
186.284 43.8543 124.572
186.314 43.7405 124.662
186.354 43.5913 124.779
186.406 43.3972 124.932
186.471 43.1568 125.129
186.553 42.8535 125.384
186.647 42.5058 125.709
186.756 42.1009 126.124
186.881 41.6491 126.649
187.036 41.0828 127.31
187.221 40.3989 128.137
187.435 39.6108 129.171
187.657 38.7834 130.276
187.866 38.0131 131.381
188.072 37.2666 132.486
188.266 36.5633 133.59
188.452 35.8896 134.695
188.628 35.2536 135.8
188.797 34.6481 136.904
188.961 34.0666 138.009
189.119 33.5176 139.113
189.269 33.006 140.218
189.414 32.5219 141.322
189.554 32.0569 142.427
189.689 31.6135 143.531
189.819 31.2015 144.636
189.946 30.8113 145.74
190.072 30.4402 146.844
190.193 30.0839 147.948
190.311 29.7485 149.053
190.424 29.4352 150.157
190.535 29.1459 151.261
190.646 28.8719 152.365
190.755 28.6187 153.469
190.86 28.3874 154.573
190.961 28.1854 155.677
191.059 28.0021 156.78
191.153 27.843 157.884
191.247 27.7052 158.988
191.339 27.596 160.091
191.427 27.5086 161.195
191.512 27.448 162.298
191.595 27.4064 163.402
191.673 27.3902 164.505
191.746 27.4105 165.609
191.816 27.4494 166.713
191.883 27.5058 167.816
191.944 27.5959 168.901
191.999 27.7052 169.948
192.049 27.8296 170.943
192.09 27.9667 171.873
192.125 28.0976 172.728
192.153 28.2327 173.5
192.177 28.3599 174.189
192.196 28.4849 174.792
192.212 28.5939 175.312
192.226 28.6895 175.755
192.237 28.7695 176.126
192.244 28.8443 176.432
192.25 28.908 176.681
192.255 28.9591 176.881
192.258 28.9995 177.039
192.26 29.039 177.163
192.259 29.0795 177.258
192.258 29.124 177.33
192.242 29.2535 177.384

71
194.886 45.4098 124.19
194.913 45.295 124.213
194.926 45.2445 124.244
194.94 45.1923 124.285
194.958 45.1232 124.34
194.981 45.0325 124.411
195.012 44.9138 124.505
195.052 44.7595 124.627
195.103 44.5598 124.785
195.166 44.3179 124.987
195.245 44.012 125.247
195.331 43.6822 125.576
195.432 43.2956 125.993
195.549 42.8514 126.517
195.691 42.3019 127.173
195.861 41.651 127.987
196.056 40.8959 128.997
196.262 40.0919 130.099
196.458 39.3364 131.201
196.648 38.6146 132.303
196.829 37.926 133.405
197.003 37.2648 134.507
197.166 36.647 135.609
197.322 36.0573 136.711
197.472 35.4892 137.813
197.618 34.9523 138.915
197.756 34.4528 140.017
197.888 33.9811 141.119
198.017 33.5297 142.22
198.14 33.097 143.322
198.258 32.6921 144.424
198.375 32.3098 145.526
198.487 31.9492 146.627
198.596 31.6022 147.729
198.701 31.2743 148.831
198.804 30.9642 149.932
198.902 30.6811 151.034
199.001 30.4118 152.136
199.097 30.1631 153.237
199.19 29.9348 154.338
199.279 29.735 155.44
199.364 29.5529 156.541
199.447 29.3982 157.643
199.528 29.2625 158.744
199.607 29.1559 159.845
199.683 29.0708 160.946
199.755 29.0106 162.047
199.823 28.9699 163.149
199.888 28.9599 164.25
199.948 28.979 165.351
200.006 29.0179 166.452
200.061 29.0779 167.553
200.109 29.1693 168.636
200.152 29.2778 169.683
200.19 29.4049 170.678
200.22 29.542 171.61
200.247 29.673 172.468
200.266 29.8146 173.246
200.283 29.9439 173.94
200.296 30.072 174.551
200.307 30.1836 175.08
200.315 30.2844 175.532
200.322 30.3691 175.912
200.326 30.4462 176.227
200.329 30.5144 176.484
200.331 30.5694 176.692
200.333 30.6131 176.857
200.334 30.6521 176.987
200.332 30.6977 177.087
200.328 30.7441 177.164
200.311 30.8831 177.221

71
203.548 46.766 124.086
203.576 46.6411 124.111
203.589 46.59 124.145
203.603 46.5341 124.188
203.621 46.4607 124.246
203.645 46.3648 124.321
203.676 46.2401 124.419
203.716 46.0789 124.546
203.767 45.8718 124.708
203.828 45.6272 124.916
203.904 45.318 125.181
203.985 44.9973 125.515
204.081 44.6178 125.936
204.192 44.1734 126.462
204.328 43.6285 127.117
204.486 42.9897 127.927
204.671 42.2411 128.931
204.863 41.4512 130.028
205.046 40.6969 131.126
205.224 39.9861 132.223
205.394 39.3064 133.32
205.556 38.6518 134.417
205.71 38.0367 135.514
205.854 37.4529 136.611
205.993 36.895 137.708
206.127 36.369 138.805
206.256 35.8711 139.902
206.377 35.4049 140.999
206.493 34.9611 142.097
206.604 34.5382 143.194
206.713 34.1356 144.291
206.817 33.7573 145.388
206.917 33.4017 146.485
207.015 33.0619 147.581
207.11 32.7382 148.678
207.201 32.4311 149.775
207.287 32.1488 150.872
207.374 31.8826 151.969
207.458 31.6367 153.066
207.539 31.409 154.163
207.616 31.2086 155.26
207.69 31.0274 156.356
207.76 30.8734 157.453
207.829 30.7375 158.55
207.895 30.6308 159.646
207.958 30.5464 160.743
208.017 30.4855 161.84
208.073 30.443 162.936
208.124 30.4369 164.033
208.172 30.4546 165.13
208.217 30.4926 166.226
208.258 30.5552 167.323
208.293 30.6478 168.402
208.325 30.7571 169.445
208.351 30.8871 170.439
208.371 31.0251 171.371
208.388 31.1602 172.23
208.4 31.3054 173.012
208.409 31.4388 173.711
208.415 31.5708 174.328
208.419 31.6856 174.864
208.422 31.792 175.323
208.424 31.8823 175.711
208.425 31.9621 176.035
208.425 32.0353 176.3
208.424 32.0946 176.515
208.424 32.142 176.687
208.423 32.1798 176.823
208.42 32.2315 176.928
208.417 32.2799 177.009
208.396 32.4296 177.071

71
212.202 48.1544 124.019
212.235 48.0159 124.046
212.246 47.9653 124.081
212.261 47.9066 124.128
212.279 47.8299 124.188
212.303 47.7303 124.267
212.333 47.6015 124.369
212.373 47.4359 124.499
212.422 47.2275 124.667
212.481 46.9854 124.879
212.552 46.6857 125.148
212.63 46.3627 125.487
212.72 45.9853 125.911
212.827 45.5398 126.438
212.956 44.9954 127.091
213.105 44.3614 127.895
213.277 43.6252 128.883
213.459 42.8376 129.975
213.631 42.0866 131.067
213.799 41.3771 132.158
213.957 40.7054 133.25
214.109 40.0572 134.342
214.253 39.4397 135.434
214.389 38.851 136.525
214.516 38.3026 137.617
214.638 37.7837 138.709
214.756 37.2873 139.801
214.868 36.8214 140.892
214.974 36.3821 141.984
215.074 35.967 143.076
215.172 35.5661 144.168
215.265 35.19 145.259
215.355 34.8359 146.351
215.441 34.5018 147.443
215.524 34.181 148.534
215.604 33.8755 149.626
215.68 33.5918 150.718
215.753 33.329 151.809
215.826 33.085 152.901
215.895 32.857 153.992
215.961 32.6549 155.084
216.023 32.4756 156.176
216.081 32.3205 157.267
216.137 32.1828 158.359
216.191 32.0753 159.45
216.241 31.9906 160.542
216.288 31.9291 161.633
216.332 31.8847 162.725
216.371 31.8805 163.816
216.406 31.8969 164.908
216.437 31.9335 165.999
216.465 31.9987 167.091
216.488 32.0916 168.165
216.508 32.2026 169.205
216.522 32.335 170.196
216.532 32.4738 171.127
216.539 32.6139 171.988
216.542 32.762 172.772
216.543 32.9019 173.475
216.542 33.0368 174.097
216.54 33.1561 174.64
216.538 33.2668 175.107
216.535 33.3628 175.502
216.532 33.4454 175.833
216.529 33.5239 176.106
216.526 33.5878 176.328
216.524 33.6391 176.506
216.522 33.6798 176.648
216.517 33.7334 176.759
216.512 33.7841 176.844
216.488 33.9451 176.91

71
220.811 49.7435 124
220.847 49.5891 124.028
220.858 49.54 124.066
220.873 49.4779 124.115
220.891 49.3972 124.178
220.916 49.293 124.26
220.946 49.159 124.366
220.986 48.9877 124.5
221.034 48.7771 124.672
221.091 48.5308 124.889
221.159 48.2351 125.162
221.233 47.9151 125.504
221.32 47.5347 125.931
221.425 47.0758 126.459
221.55 46.522 127.109
221.692 45.8846 127.907
221.857 45.1388 128.88
222.033 44.3353 129.966
222.197 43.576 131.052
222.359 42.8511 132.138
222.51 42.1694 133.225
222.654 41.5128 134.311
222.789 40.8878 135.397
222.919 40.287 136.483
223.037 39.7348 137.569
223.151 39.2081 138.655
223.26 38.71 139.741
223.363 38.2365 140.827
223.459 37.7923 141.913
223.55 37.3717 142.999
223.638 36.9699 144.085
223.722 36.5901 145.171
223.802 36.23 146.257
223.877 35.8928 147.343
223.95 35.5691 148.429
224.018 35.2606 149.515
224.085 34.9696 150.601
224.148 34.7056 151.687
224.21 34.4577 152.773
224.268 34.226 153.859
224.323 34.016 154.945
224.373 33.8343 156.031
224.42 33.6751 157.117
224.465 33.5331 158.203
224.507 33.4202 159.289
224.544 33.3313 160.375
224.579 33.2665 161.461
224.611 33.218 162.547
224.638 33.2111 163.633
224.661 33.2246 164.719
224.681 33.2582 165.805
224.696 33.3241 166.891
224.707 33.4164 167.96
224.714 33.5294 168.996
224.717 33.6642 169.984
224.717 33.8043 170.914
224.713 33.9507 171.775
224.707 34.1022 172.561
224.699 34.2491 173.268
224.691 34.3889 173.895
224.683 34.5146 174.443
224.676 34.6304 174.916
224.668 34.7332 175.319
224.662 34.8195 175.657
224.655 34.9042 175.937
224.649 34.9734 176.166
224.644 35.0293 176.351
224.64 35.0738 176.498
224.634 35.1287 176.614
224.627 35.182 176.704
224.601 35.3561 176.773

71
229.265 52.0184 124.115
229.302 51.8525 124.145
229.315 51.7984 124.185
229.331 51.7283 124.236
229.352 51.6376 124.302
229.378 51.5211 124.388
229.412 51.3722 124.497
229.455 51.1826 124.635
229.507 50.9549 124.811
229.569 50.6775 125.032
229.639 50.3672 125.309
229.717 50.0164 125.654
229.808 49.6048 126.082
229.918 49.1062 126.609
230.046 48.515 127.257
230.193 47.8281 128.047
230.362 47.032 129.002
230.542 46.1688 130.082
230.712 45.3486 131.162
230.875 44.5643 132.242
231.027 43.8294 133.321
231.171 43.1274 134.401
231.306 42.4569 135.481
231.431 41.8322 136.561
231.549 41.232 137.641
231.661 40.667 138.72
231.764 40.138 139.8
231.861 39.6392 140.88
231.954 39.1634 141.96
232.04 38.7119 143.039
232.12 38.2929 144.119
232.198 37.8907 145.199
232.27 37.5071 146.279
232.34 37.1403 147.359
232.403 36.7993 148.438
232.465 36.4735 149.518
232.524 36.1633 150.598
232.579 35.8773 151.678
232.631 35.6104 152.758
232.68 35.3626 153.837
232.728 35.1264 154.917
232.768 34.933 155.997
232.804 34.7578 157.077
232.839 34.6024 158.156
232.871 34.4706 159.236
232.899 34.3686 160.316
232.923 34.2928 161.396
232.945 34.2292 162.476
232.96 34.2147 163.555
232.972 34.2215 164.635
232.98 34.2493 165.715
232.983 34.3112 166.795
232.981 34.4033 167.858
232.976 34.5194 168.889
232.966 34.6592 169.874
232.955 34.8049 170.802
232.942 34.9626 171.662
232.926 35.1218 172.449
232.91 35.278 173.159
232.893 35.4278 173.79
232.878 35.5653 174.344
232.864 35.691 174.823
232.851 35.8048 175.232
232.84 35.9006 175.577
232.829 35.9926 175.864
232.819 36.0702 176.1
232.812 36.1332 176.29
232.805 36.1836 176.443
232.798 36.2401 176.564
232.789 36.3012 176.659
232.761 36.4879 176.732

71
237.78 54.0173 124.261
237.819 53.8438 124.293
237.833 53.7818 124.334
237.851 53.7018 124.388
237.874 53.5989 124.457
237.903 53.4674 124.546
237.94 53.3001 124.658
237.987 53.0882 124.8
238.04 52.849 124.979
238.106 52.551 125.203
238.18 52.2069 125.483
238.267 51.8037 125.83
238.36 51.3659 126.258
238.473 50.8344 126.784
238.6 50.2265 127.426
238.745 49.517 128.206
238.911 48.6971 129.14
239.089 47.7969 130.211
239.258 46.9403 131.282
239.419 46.1243 132.352
239.568 45.3518 133.423
239.706 44.6296 134.494
239.838 43.931 135.564
239.959 43.274 136.635
240.071 42.6643 137.706
240.175 42.0814 138.776
240.274 41.5283 139.847
240.365 41.0023 140.918
240.449 40.5256 141.989
240.527 40.0622 143.059
240.602 39.6215 144.13
240.67 39.2079 145.201
240.734 38.8114 146.271
240.795 38.4329 147.342
240.852 38.0749 148.413
240.903 37.7421 149.483
240.952 37.4246 150.554
240.998 37.1208 151.625
241.041 36.8426 152.696
241.08 36.5852 153.766
241.116 36.3447 154.837
241.148 36.1331 155.908
241.175 35.9448 156.978
241.199 35.7834 158.049
241.22 35.6364 159.12
241.237 35.5261 160.191
241.249 35.4431 161.261
241.26 35.3749 162.332
241.264 35.3524 163.403
241.264 35.353 164.473
241.26 35.3766 165.544
241.251 35.4382 166.615
241.238 35.5293 167.67
241.22 35.6471 168.693
241.199 35.7911 169.672
241.177 35.9413 170.595
241.151 36.1099 171.453
241.126 36.2763 172.239
241.102 36.4411 172.95
241.078 36.5997 173.583
241.056 36.7499 174.141
241.035 36.885 174.625
241.016 37.0091 175.039
241 37.1141 175.39
240.985 37.2138 175.683
240.971 37.3013 175.925
240.96 37.3726 176.122
240.951 37.4299 176.28
240.943 37.4872 176.406
240.931 37.558 176.505
240.9 37.7569 176.581

71
116.324 35.3681 126.027
116.274 35.5458 126.059
116.251 35.6369 126.101
116.232 35.716 126.155
116.218 35.7869 126.223
116.208 35.8487 126.31
116.21 35.8816 126.418
116.213 35.9199 126.553
116.245 35.876 126.72
116.292 35.7937 126.927
116.366 35.6452 127.182
116.47 35.4161 127.493
116.611 35.0879 127.872
116.78 34.6894 128.33
116.981 34.2103 128.881
117.219 33.6385 129.54
117.495 32.9637 130.324
117.818 32.1744 131.251
118.196 31.2504 132.351
118.561 30.3511 133.46
118.913 29.4671 134.569
119.248 28.6243 135.678
119.571 27.8064 136.787
119.885 27.0121 137.895
120.193 26.2612 139.003
120.488 25.5408 140.111
120.773 24.8498 141.218
121.047 24.1888 142.326
121.31 23.5644 143.433
121.568 22.9656 144.541
121.825 22.3929 145.647
122.077 21.8493 146.753
122.321 21.3285 147.859
122.559 20.8261 148.965
122.794 20.3388 150.07
123.025 19.8636 151.176
123.262 19.4014 152.28
123.499 18.9489 153.384
123.731 18.5071 154.488
123.96 18.0778 155.592
124.185 17.6634 156.696
124.407 17.2644 157.8
124.633 16.8879 158.903
124.857 16.5363 160.005
125.077 16.2057 161.107
125.292 15.9047 162.21
125.503 15.6326 163.312
125.71 15.3857 164.414
125.911 15.1729 165.516
126.105 14.9955 166.605
126.29 14.8512 167.668
126.465 14.7497 168.691
126.626 14.6863 169.666
126.776 14.6384 170.584
126.908 14.6309 171.438
127.028 14.6293 172.223
127.128 14.6551 172.938
127.218 14.681 173.58
127.295 14.7228 174.151
127.362 14.7596 174.652
127.42 14.8083 175.089
127.469 14.853 175.463
127.511 14.8911 175.782
127.546 14.9212 176.051
127.576 14.9463 176.275
127.6 14.967 176.459
127.619 14.9839 176.61
127.636 14.9916 176.732
127.65 14.9817 176.829
127.667 14.9323 176.906
127.692 14.7941 176.966

71
125.072 36.4197 125.567
125.027 36.5875 125.597
125.006 36.672 125.636
124.99 36.7438 125.686
124.978 36.8074 125.75
124.97 36.8629 125.831
124.972 36.8899 125.934
124.98 36.9092 126.062
125.004 36.8828 126.222
125.05 36.7921 126.421
125.112 36.6646 126.666
125.201 36.4651 126.967
125.315 36.2011 127.334
125.457 35.861 127.78
125.634 35.4323 128.319
125.844 34.9174 128.965
126.09 34.3055 129.738
126.375 33.5864 130.655
126.714 32.7389 131.742
127.055 31.8874 132.873
127.385 31.0518 134.005
127.703 30.2418 135.136
128.008 29.4613 136.268
128.303 28.7052 137.399
128.593 27.9824 138.53
128.876 27.2889 139.66
129.148 26.6233 140.791
129.409 25.9873 141.921
129.662 25.384 143.051
129.908 24.805 144.182
130.154 24.249 145.311
130.395 23.7256 146.44
130.631 23.2218 147.569
130.86 22.7336 148.698
131.086 22.2604 149.826
131.308 21.8043 150.955
131.534 21.3592 152.083
131.761 20.9239 153.21
131.984 20.4989 154.337
132.205 20.089 155.465
132.422 19.6916 156.592
132.635 19.3088 157.719
132.852 18.9488 158.845
133.067 18.6089 159.971
133.279 18.2893 161.096
133.486 17.9969 162.222
133.689 17.7309 163.348
133.888 17.4892 164.473
134.081 17.2825 165.599
134.268 17.1056 166.711
134.446 16.9586 167.795
134.614 16.8539 168.838
134.769 16.7848 169.831
134.912 16.7314 170.764
135.037 16.711 171.632
135.15 16.6991 172.428
135.245 16.7189 173.151
135.329 16.7394 173.799
135.402 16.771 174.373
135.466 16.7988 174.877
135.52 16.8379 175.313
135.566 16.8727 175.688
135.604 16.9023 176.005
135.637 16.9275 176.271
135.663 16.9484 176.492
135.685 16.9656 176.674
135.703 16.9796 176.821
135.718 16.9842 176.94
135.733 16.9734 177.034
135.749 16.9266 177.108
135.774 16.788 177.167

71
133.819 37.4783 125.175
133.778 37.6315 125.202
133.76 37.709 125.239
133.746 37.7745 125.286
133.736 37.8324 125.348
133.729 37.8821 125.426
133.731 37.9067 125.527
133.743 37.9079 125.655
133.765 37.8827 125.817
133.81 37.7902 126.021
133.869 37.6649 126.276
133.953 37.4707 126.593
134.061 37.2162 126.985
134.197 36.8853 127.468
134.368 36.4608 128.058
134.575 35.9349 128.775
134.823 35.3018 129.642
135.117 34.5465 130.685
135.429 33.7434 131.807
135.735 32.9607 132.928
136.03 32.1999 134.05
136.316 31.459 135.171
136.593 30.7391 136.293
136.86 30.0454 137.414
137.124 29.3807 138.535
137.381 28.7391 139.655
137.631 28.1211 140.776
137.871 27.5368 141.896
138.104 26.9765 143.017
138.33 26.4363 144.137
138.557 25.9182 145.257
138.779 25.4337 146.377
138.996 24.9627 147.496
139.211 24.5045 148.615
139.42 24.0636 149.735
139.625 23.6371 150.854
139.834 23.2202 151.972
140.045 22.8124 153.09
140.254 22.4164 154.208
140.458 22.0304 155.326
140.66 21.6546 156.444
140.86 21.2936 157.562
141.06 20.9502 158.679
141.262 20.623 159.795
141.46 20.3198 160.912
141.653 20.0362 162.029
141.844 19.772 163.145
142.031 19.535 164.262
142.211 19.3331 165.378
142.388 19.1496 166.495
142.56 18.9858 167.596
142.72 18.8756 168.667
142.872 18.7886 169.693
143.012 18.7267 170.665
143.136 18.6916 171.572
143.247 18.6644 172.408
143.34 18.6717 173.169
143.423 18.6804 173.852
143.495 18.7045 174.457
143.557 18.7259 174.987
143.61 18.7549 175.445
143.655 18.7823 175.836
143.693 18.8054 176.166
143.725 18.8265 176.441
143.75 18.8438 176.668
143.771 18.858 176.853
143.788 18.8693 177.001
143.802 18.8712 177.119
143.815 18.8589 177.213
143.831 18.8121 177.285
143.855 18.6751 177.341

71
142.536 38.6452 124.858
142.501 38.781 124.884
142.486 38.8492 124.917
142.473 38.9072 124.962
142.464 38.9594 125.02
142.459 39.001 125.097
142.46 39.0277 125.196
142.478 39.0009 125.324
142.503 38.9589 125.488
142.55 38.8544 125.698
142.61 38.7186 125.964
142.689 38.5283 126.3
142.791 38.2818 126.722
142.925 37.9518 127.247
143.095 37.5138 127.899
143.305 36.9647 128.703
143.56 36.2942 129.687
143.843 35.5439 130.798
144.123 34.8051 131.909
144.399 34.0836 133.019
144.665 33.3793 134.129
144.923 32.6981 135.239
145.173 32.0337 136.349
145.417 31.3859 137.459
145.657 30.7697 138.569
145.894 30.1754 139.678
146.121 29.6016 140.787
146.342 29.054 141.897
146.555 28.5296 143.006
146.763 28.0243 144.115
146.972 27.5423 145.224
147.177 27.0833 146.332
147.379 26.6372 147.441
147.577 26.2039 148.549
147.768 25.7923 149.657
147.958 25.39 150.766
148.151 24.9961 151.873
148.346 24.6137 152.98
148.538 24.2412 154.087
148.727 23.8761 155.195
148.915 23.5208 156.302
149.1 23.1782 157.409
149.285 22.8489 158.515
149.472 22.5365 159.622
149.654 22.2479 160.728
149.835 21.9722 161.834
150.013 21.7096 162.939
150.185 21.4858 164.046
150.352 21.2814 165.152
150.517 21.0949 166.258
150.678 20.9342 167.364
150.832 20.8046 168.453
150.978 20.6995 169.508
151.113 20.6324 170.515
151.235 20.5828 171.462
151.343 20.5492 172.34
151.436 20.5392 173.141
151.518 20.5394 173.862
151.588 20.5549 174.502
151.649 20.5725 175.061
151.7 20.5944 175.544
151.745 20.6163 175.954
151.781 20.6347 176.299
151.811 20.6527 176.584
151.836 20.6674 176.818
151.855 20.6792 177.006
151.871 20.6887 177.156
151.884 20.6881 177.274
151.896 20.6739 177.366
151.911 20.6262 177.436
151.936 20.4915 177.49

71
151.277 39.777 124.812
151.247 39.8949 124.835
151.234 39.956 124.866
151.223 40.0082 124.908
151.215 40.0549 124.963
151.211 40.0905 125.037
151.214 40.1083 125.134
151.232 40.075 125.262
151.264 40.0019 125.428
151.311 39.8904 125.644
151.371 39.7445 125.923
151.447 39.5578 126.28
151.546 39.3127 126.735
151.677 38.976 127.311
151.849 38.5197 128.037
152.067 37.9301 128.955
152.323 37.2292 130.05
152.578 36.5331 131.145
152.831 35.8505 132.24
153.078 35.183 133.334
153.32 34.5281 134.429
153.552 33.8966 135.524
153.779 33.279 136.618
154.002 32.6762 137.713
154.221 32.1032 138.807
154.434 31.5501 139.901
154.642 31.0134 140.995
154.844 30.4994 142.089
155.039 30.0098 143.183
155.229 29.5369 144.277
155.421 29.0846 145.37
155.609 28.6494 146.463
155.793 28.2269 147.556
155.974 27.8192 148.65
156.151 27.4283 149.743
156.326 27.0437 150.836
156.504 26.6651 151.928
156.683 26.2992 153.021
156.86 25.9399 154.113
157.035 25.5868 155.205
157.208 25.244 156.297
157.378 24.9099 157.389
157.55 24.5851 158.481
157.724 24.2818 159.572
157.892 23.9944 160.664
158.059 23.7192 161.755
158.223 23.4618 162.846
158.382 23.2306 163.938
158.538 23.0179 165.029
158.688 22.8307 166.12
158.836 22.6671 167.212
158.982 22.521 168.303
159.12 22.4016 169.375
159.249 22.3217 170.411
159.367 22.2598 171.393
159.469 22.2233 172.311
159.561 22.2003 173.153
159.64 22.1928 173.914
159.708 22.2039 174.59
159.766 22.2255 175.181
159.816 22.2463 175.69
159.858 22.2657 176.122
159.893 22.2818 176.483
159.92 22.3099 176.78
159.942 22.3329 177.021
159.959 22.3513 177.214
159.973 22.3658 177.366
159.984 22.3732 177.484
159.993 22.371 177.575
160.005 22.3352 177.643
160.026 22.2194 177.694

71
160.027 40.89 124.911
160 40.9968 124.932
159.989 41.0509 124.959
159.979 41.0987 124.997
159.972 41.1403 125.047
159.968 41.1731 125.114
159.97 41.1886 125.203
159.984 41.1655 125.32
160.015 41.0851 125.474
160.055 40.9834 125.675
160.106 40.854 125.935
160.171 40.6901 126.27
160.253 40.4786 126.699
160.362 40.1934 127.246
160.512 39.7854 127.938
160.702 39.2533 128.809
160.938 38.5839 129.906
161.175 37.914 131.007
161.412 37.2535 132.107
161.642 36.6079 133.208
161.867 35.9786 134.308
162.086 35.3633 135.409
162.299 34.7615 136.509
162.507 34.1812 137.609
162.712 33.625 138.709
162.913 33.0839 139.809
163.108 32.5586 140.909
163.296 32.0664 142.009
163.479 31.5905 143.109
163.658 31.1298 144.209
163.836 30.6913 145.308
164.012 30.267 146.407
164.184 29.8557 147.507
164.353 29.465 148.606
164.518 29.0849 149.705
164.68 28.7119 150.805
164.846 28.347 151.903
165.012 27.9925 153.002
165.177 27.6435 154.1
165.341 27.2999 155.199
165.502 26.965 156.297
165.661 26.6374 157.396
165.821 26.3179 158.494
165.98 26.0226 159.592
166.139 25.7396 160.689
166.294 25.4684 161.787
166.446 25.217 162.885
166.594 24.9883 163.982
166.738 24.7782 165.08
166.878 24.5954 166.178
167.014 24.4341 167.276
167.147 24.2897 168.374
167.274 24.171 169.452
167.392 24.0922 170.492
167.5 24.0323 171.478
167.592 23.9972 172.398
167.674 23.9742 173.241
167.747 23.9642 174.001
167.808 23.9763 174.675
167.859 23.9987 175.263
167.903 24.019 175.769
167.94 24.0367 176.196
167.971 24.0527 176.552
167.994 24.0817 176.844
168.013 24.1053 177.08
168.028 24.124 177.268
168.04 24.1387 177.415
168.049 24.1462 177.53
168.056 24.1442 177.617
168.069 24.1089 177.683
168.088 23.9963 177.732

71
168.751 42.0197 124.834
168.728 42.1186 124.852
168.716 42.1694 124.876
168.708 42.2126 124.91
168.701 42.2526 124.954
168.696 42.284 125.015
168.697 42.3016 125.095
168.707 42.2874 125.201
168.733 42.2186 125.342
168.767 42.1263 125.526
168.809 42.0165 125.766
168.863 41.8745 126.077
168.932 41.6921 126.478
169.02 41.4582 126.992
169.149 41.0954 127.646
169.315 40.6147 128.475
169.523 40.0045 129.522
169.742 39.3576 130.632
169.962 38.7127 131.742
170.177 38.0893 132.852
170.388 37.4776 133.962
170.595 36.8767 135.072
170.797 36.2882 136.182
170.99 35.7286 137.291
171.181 35.1837 138.401
171.369 34.6532 139.511
171.552 34.146 140.62
171.73 33.6654 141.729
171.9 33.2025 142.839
172.066 32.7564 143.948
172.231 32.3277 145.057
172.396 31.9129 146.166
172.557 31.5146 147.275
172.712 31.1385 148.384
172.865 30.7706 149.493
173.016 30.4103 150.602
173.167 30.0609 151.711
173.322 29.7184 152.819
173.474 29.3808 153.927
173.625 29.0486 155.036
173.775 28.7225 156.144
173.923 28.4029 157.252
174.07 28.093 158.36
174.218 27.8038 159.468
174.365 27.5258 160.576
174.508 27.2587 161.683
174.649 27.0123 162.791
174.785 26.7858 163.899
174.918 26.5784 165.006
175.047 26.3984 166.114
175.171 26.2379 167.222
175.293 26.0939 168.33
175.41 25.9755 169.417
175.517 25.8962 170.466
175.615 25.8364 171.459
175.699 25.8006 172.384
175.773 25.7768 173.23
175.838 25.7648 173.991
175.891 25.777 174.664
175.937 25.7982 175.25
175.975 25.8167 175.752
176.008 25.8324 176.175
176.035 25.8479 176.527
176.055 25.8741 176.814
176.071 25.8951 177.045
176.084 25.9118 177.228
176.094 25.9249 177.372
176.102 25.9284 177.482
176.109 25.9213 177.566
176.12 25.8831 177.629
176.141 25.77 177.675

71
177.471 43.1207 124.592
177.446 43.2219 124.612
177.435 43.2747 124.638
177.426 43.3178 124.674
177.419 43.3563 124.723
177.416 43.3851 124.787
177.417 43.3967 124.872
177.43 43.3698 124.984
177.454 43.3 125.131
177.486 43.2124 125.322
177.524 43.108 125.569
177.574 42.9735 125.888
177.636 42.8009 126.297
177.717 42.5797 126.817
177.836 42.2303 127.476
177.987 41.7739 128.305
178.173 41.2021 129.34
178.372 40.5883 130.449
178.572 39.9761 131.557
178.77 39.3847 132.665
178.962 38.8026 133.772
179.151 38.2303 134.88
179.337 37.6713 135.988
179.512 37.1388 137.096
179.687 36.62 138.204
179.861 36.1146 139.311
180.027 35.6351 140.419
180.188 35.1775 141.526
180.345 34.7379 142.634
180.497 34.3148 143.741
180.646 33.9061 144.849
180.796 33.5106 145.956
180.942 33.1351 147.063
181.083 32.7766 148.17
181.222 32.4266 149.277
181.359 32.0842 150.385
181.495 31.7519 151.492
181.634 31.4246 152.598
181.774 31.1019 153.705
181.911 30.7842 154.812
182.046 30.4711 155.918
182.18 30.1632 157.025
182.314 29.866 158.132
182.449 29.5837 159.238
182.581 29.3119 160.344
182.713 29.0527 161.45
182.839 28.8107 162.557
182.963 28.5858 163.663
183.084 28.3804 164.769
183.201 28.2036 165.875
183.314 28.0423 166.981
183.423 27.8967 168.088
183.528 27.7811 169.174
183.625 27.6965 170.223
183.712 27.6329 171.218
183.788 27.5966 172.146
183.855 27.5693 172.997
183.912 27.557 173.764
183.96 27.562 174.446
183.999 27.5815 175.041
184.034 27.5989 175.553
184.063 27.6144 175.986
184.088 27.6273 176.348
184.106 27.6503 176.645
184.12 27.6696 176.885
184.132 27.6851 177.077
184.141 27.6972 177.228
184.149 27.6996 177.345
184.157 27.6911 177.434
184.167 27.6506 177.502
184.189 27.5313 177.552

71
186.19 44.2128 124.364
186.164 44.3215 124.386
186.153 44.3745 124.414
186.144 44.4197 124.453
186.138 44.4578 124.504
186.134 44.4857 124.572
186.136 44.4942 124.662
186.149 44.4605 124.779
186.172 44.393 124.932
186.201 44.3104 125.129
186.236 44.2109 125.384
186.28 44.0834 125.709
186.337 43.9204 126.124
186.41 43.7088 126.649
186.519 43.3708 127.31
186.655 42.938 128.137
186.825 42.3956 129.171
187.005 41.812 130.276
187.186 41.2299 131.381
187.365 40.6687 132.486
187.541 40.1157 133.59
187.713 39.5708 134.695
187.881 39.0379 135.8
188.043 38.5315 136.904
188.201 38.0387 138.009
188.358 37.5596 139.113
188.509 37.1047 140.218
188.655 36.6679 141.322
188.797 36.2488 142.427
188.935 35.848 143.531
189.07 35.4596 144.636
189.204 35.0831 145.74
189.335 34.7276 146.844
189.462 34.3852 147.948
189.588 34.0512 149.053
189.711 33.7254 150.157
189.834 33.4082 151.261
189.958 33.0956 152.365
190.083 32.7877 153.469
190.205 32.4843 154.573
190.328 32.1842 155.677
190.449 31.8878 156.78
190.567 31.6022 157.884
190.687 31.3273 158.988
190.807 31.062 160.091
190.924 30.8102 161.195
191.039 30.5724 162.298
191.151 30.3491 163.402
191.259 30.149 164.505
191.362 29.9717 165.609
191.463 29.8093 166.713
191.561 29.6622 167.816
191.653 29.549 168.901
191.738 29.4599 169.948
191.816 29.3938 170.943
191.883 29.3545 171.873
191.942 29.3233 172.728
191.992 29.3117 173.5
192.035 29.3108 174.189
192.069 29.328 174.792
192.099 29.3438 175.312
192.125 29.3594 175.755
192.146 29.3726 176.126
192.162 29.3906 176.432
192.174 29.4075 176.681
192.184 29.421 176.881
192.192 29.4317 177.039
192.2 29.4341 177.163
192.207 29.4243 177.258
192.219 29.381 177.33
192.242 29.2535 177.384

71
194.886 45.4098 124.19
194.859 45.5247 124.213
194.848 45.5825 124.244
194.838 45.6295 124.285
194.83 45.6702 124.34
194.826 45.6997 124.411
194.828 45.7079 124.505
194.84 45.6751 124.627
194.861 45.6096 124.785
194.887 45.5311 124.987
194.919 45.4346 125.247
194.96 45.3126 125.576
195.011 45.1563 125.993
195.078 44.9468 126.517
195.175 44.6235 127.173
195.299 44.2123 127.987
195.45 43.7015 128.997
195.615 43.1387 130.099
195.781 42.5772 131.201
195.945 42.0357 132.303
196.106 41.5028 133.405
196.264 40.9766 134.507
196.419 40.4604 135.609
196.566 39.9708 136.711
196.71 39.4954 137.813
196.852 39.0353 138.915
196.99 38.5957 140.017
197.123 38.1717 141.119
197.253 37.7647 142.22
197.377 37.3789 143.322
197.499 37.0036 144.424
197.621 36.6392 145.526
197.738 36.2959 146.627
197.852 35.9637 147.729
197.964 35.6402 148.831
198.076 35.3252 149.932
198.184 35.0173 151.034
198.296 34.7142 152.136
198.406 34.4162 153.237
198.516 34.1215 154.338
198.625 33.8295 155.44
198.732 33.5406 156.541
198.839 33.2608 157.643
198.946 32.9897 158.744
199.052 32.7279 159.845
199.157 32.48 160.946
199.259 32.2434 162.047
199.357 32.0193 163.149
199.452 31.8217 164.25
199.544 31.6427 165.351
199.634 31.4781 166.452
199.72 31.3316 167.553
199.8 31.2166 168.636
199.873 31.1237 169.683
199.94 31.0568 170.678
199.998 31.0133 171.61
200.049 30.9783 172.468
200.091 30.9684 173.246
200.128 30.964 173.94
200.158 30.9792 174.551
200.183 30.9932 175.08
200.204 31.0101 175.532
200.221 31.0243 175.912
200.235 31.0392 176.227
200.246 31.0537 176.484
200.255 31.0653 176.692
200.262 31.0746 176.857
200.268 31.0779 176.987
200.275 31.0658 177.087
200.286 31.0203 177.164
200.311 30.8831 177.221

71
203.548 46.766 124.086
203.519 46.8909 124.111
203.505 46.9533 124.145
203.494 47.0057 124.188
203.485 47.0506 124.246
203.48 47.0838 124.321
203.48 47.0962 124.419
203.49 47.066 124.546
203.508 47.0077 124.708
203.531 46.9323 124.916
203.561 46.8362 125.181
203.599 46.7159 125.515
203.647 46.5563 125.936
203.712 46.3361 126.462
203.802 46.0227 127.117
203.915 45.6185 127.927
204.057 45.1148 128.931
204.209 44.561 130.028
204.361 44.0101 131.126
204.514 43.4742 132.223
204.663 42.9494 133.32
204.809 42.4319 134.417
204.953 41.924 135.514
205.088 41.4403 136.611
205.221 40.9715 137.708
205.351 40.5203 138.805
205.477 40.0894 139.902
205.599 39.6718 140.999
205.717 39.2688 142.097
205.829 38.8909 143.194
205.94 38.5233 144.291
206.049 38.1659 145.388
206.154 37.8275 146.485
206.258 37.5003 147.581
206.358 37.1823 148.678
206.457 36.873 149.775
206.553 36.5697 150.872
206.651 36.2706 151.969
206.749 35.9759 153.066
206.847 35.6841 154.163
206.943 35.3946 155.26
207.039 35.1082 156.356
207.133 34.8295 157.453
207.228 34.5585 158.55
207.322 34.2966 159.646
207.413 34.0491 160.743
207.502 33.8116 161.84
207.589 33.5855 162.936
207.671 33.3888 164.033
207.751 33.2079 165.13
207.827 33.0412 166.226
207.901 32.8955 167.323
207.968 32.78 168.402
208.031 32.6859 169.445
208.087 32.6193 170.439
208.135 32.5737 171.371
208.177 32.5389 172.23
208.212 32.5302 173.012
208.242 32.5257 173.711
208.265 32.5408 174.328
208.285 32.5539 174.864
208.301 32.573 175.323
208.315 32.5894 175.711
208.326 32.6037 176.035
208.335 32.6163 176.3
208.342 32.6266 176.515
208.347 32.6348 176.687
208.352 32.6406 176.823
208.359 32.624 176.928
208.371 32.5758 177.009
208.396 32.4296 177.071

71
212.202 48.1544 124.019
212.172 48.2929 124.046
212.156 48.3626 124.081
212.144 48.4206 124.128
212.133 48.4722 124.188
212.126 48.5108 124.267
212.122 48.533 124.369
212.131 48.5072 124.499
212.143 48.4682 124.667
212.163 48.3981 124.879
212.189 48.3082 125.148
212.224 48.1871 125.487
212.269 48.0243 125.911
212.331 47.7972 126.438
212.416 47.4798 127.091
212.521 47.0785 127.895
212.651 46.5826 128.883
212.793 46.0311 129.975
212.934 45.4832 131.067
213.076 44.9494 132.158
213.215 44.4271 133.25
213.351 43.9133 134.342
213.484 43.4114 135.434
213.61 42.9291 136.525
213.732 42.4618 137.617
213.851 42.0133 138.709
213.965 41.5884 139.801
214.076 41.1751 140.892
214.184 40.7739 141.984
214.286 40.3992 143.076
214.385 40.0358 144.168
214.482 39.6833 145.259
214.576 39.3475 146.351
214.668 39.0224 147.443
214.757 38.7067 148.534
214.844 38.4008 149.626
214.929 38.0997 150.718
215.015 37.8022 151.809
215.101 37.5086 152.901
215.187 37.2176 153.992
215.271 36.9286 155.084
215.356 36.6427 156.176
215.437 36.3631 157.267
215.519 36.0908 158.359
215.601 35.8289 159.45
215.679 35.5803 160.542
215.756 35.3413 161.633
215.832 35.1126 162.725
215.902 34.9163 163.816
215.969 34.7337 164.908
216.033 34.5649 165.999
216.093 34.4198 167.091
216.149 34.3039 168.165
216.2 34.2097 169.205
216.244 34.1438 170.196
216.282 34.0968 171.127
216.316 34.0636 171.988
216.342 34.0555 172.772
216.364 34.0543 173.475
216.382 34.0686 174.097
216.397 34.0825 174.64
216.408 34.103 175.107
216.416 34.1221 175.502
216.424 34.1375 175.833
216.431 34.1484 176.106
216.437 34.1572 176.328
216.441 34.1642 176.506
216.445 34.1698 176.648
216.451 34.1505 176.759
216.462 34.1011 176.844
216.488 33.9451 176.91

71
220.811 49.7435 124
220.777 49.8979 124.028
220.76 49.9777 124.066
220.746 50.0425 124.115
220.733 50.1006 124.178
220.723 50.1496 124.26
220.719 50.1701 124.366
220.721 50.1689 124.5
220.728 50.1447 124.672
220.744 50.0859 124.889
220.767 50.002 125.162
220.799 49.877 125.504
220.843 49.7057 125.931
220.904 49.4624 126.459
220.986 49.1306 127.109
221.087 48.7196 127.907
221.209 48.2153 128.88
221.345 47.6486 129.966
221.48 47.0866 131.052
221.616 46.5418 132.138
221.748 46.0072 133.225
221.877 45.482 134.311
222.001 44.9691 135.397
222.12 44.4788 136.483
222.235 44.0025 137.569
222.346 43.5416 138.655
222.452 43.1112 139.741
222.554 42.6931 140.827
222.652 42.2873 141.913
222.745 41.9051 142.999
222.835 41.5359 144.085
222.923 41.1791 145.171
223.007 40.84 146.257
223.088 40.5103 147.343
223.167 40.1888 148.429
223.243 39.8787 149.515
223.318 39.5734 150.601
223.393 39.2713 151.687
223.469 38.9724 152.773
223.544 38.6761 153.859
223.617 38.3818 154.945
223.69 38.0907 156.031
223.762 37.8051 157.117
223.832 37.5268 158.203
223.901 37.2595 159.289
223.968 37.0057 160.375
224.033 36.7617 161.461
224.097 36.5281 162.547
224.155 36.3281 163.633
224.211 36.1418 164.719
224.263 35.9692 165.805
224.311 35.8233 166.891
224.355 35.7063 167.96
224.393 35.6123 168.996
224.427 35.547 169.984
224.455 35.4998 170.914
224.479 35.47 171.775
224.496 35.4635 172.561
224.51 35.4671 173.268
224.521 35.4827 173.895
224.53 35.4995 174.443
224.536 35.5227 174.916
224.541 35.5461 175.319
224.545 35.5654 175.657
224.55 35.575 175.937
224.553 35.5828 176.166
224.556 35.5891 176.351
224.558 35.5942 176.498
224.564 35.5735 176.614
224.574 35.5217 176.704
224.601 35.3561 176.773

71
229.265 52.0184 124.115
229.227 52.1842 124.145
229.208 52.2705 124.185
229.191 52.3441 124.236
229.176 52.4102 124.302
229.164 52.4673 124.388
229.158 52.4941 124.497
229.153 52.5166 124.635
229.16 52.4905 124.811
229.175 52.433 125.032
229.197 52.3395 125.309
229.23 52.2008 125.654
229.279 51.9926 126.082
229.346 51.7103 126.609
229.432 51.3431 127.257
229.537 50.8865 128.047
229.664 50.3328 129.002
229.805 49.7067 130.082
229.945 49.0881 131.162
230.083 48.4835 132.242
230.218 47.8957 133.321
230.349 47.317 134.401
230.476 46.7487 135.481
230.596 46.2139 136.561
230.71 45.6948 137.641
230.821 45.1904 138.72
230.925 44.715 139.8
231.023 44.263 140.88
231.118 43.8274 141.96
231.207 43.4099 143.039
231.293 43.0099 144.119
231.376 42.6232 145.199
231.453 42.2571 146.279
231.528 41.9028 147.359
231.6 41.5566 148.438
231.67 41.2212 149.518
231.739 40.893 150.598
231.806 40.5677 151.678
231.874 40.2445 152.758
231.941 39.9246 153.837
232.007 39.6073 154.917
232.071 39.2933 155.997
232.134 38.9863 157.077
232.195 38.6879 158.156
232.256 38.3999 159.236
232.313 38.1293 160.316
232.368 37.8692 161.396
232.421 37.6202 162.476
232.468 37.4093 163.555
232.512 37.2142 164.635
232.554 37.0344 165.715
232.589 36.884 166.795
232.62 36.7666 167.858
232.647 36.6745 168.889
232.667 36.6124 169.874
232.685 36.5697 170.802
232.698 36.5482 171.662
232.707 36.5486 172.449
232.712 36.5611 173.159
232.715 36.5847 173.79
232.716 36.6103 174.344
232.716 36.6413 174.823
232.716 36.6737 175.232
232.715 36.701 175.577
232.716 36.7134 175.864
232.717 36.723 176.1
232.718 36.7308 176.29
232.719 36.737 176.443
232.723 36.7167 176.564
232.733 36.6605 176.659
232.761 36.4879 176.732

71
237.78 54.0173 124.261
237.74 54.1907 124.293
237.719 54.2822 124.334
237.701 54.3605 124.388
237.684 54.4316 124.457
237.669 54.4954 124.546
237.662 54.5276 124.658
237.653 54.5644 124.8
237.661 54.5266 124.979
237.675 54.466 125.203
237.698 54.3604 125.483
237.731 54.21 125.83
237.78 53.9833 126.258
237.851 53.6683 126.784
237.939 53.2681 127.426
238.045 52.7815 128.206
238.171 52.198 129.14
238.313 51.5286 130.211
238.453 50.8697 131.282
238.591 50.2315 132.352
238.724 49.6041 133.423
238.852 48.9964 134.494
238.976 48.4041 135.564
239.093 47.8307 136.635
239.204 47.2838 137.706
239.309 46.7561 138.776
239.409 46.2547 139.847
239.501 45.7782 140.918
239.591 45.3189 141.989
239.675 44.8822 143.059
239.755 44.4631 144.13
239.83 44.0581 145.201
239.9 43.6732 146.271
239.966 43.3058 147.342
240.031 42.9461 148.413
240.092 42.5946 149.483
240.152 42.2533 150.554
240.211 41.914 151.625
240.269 41.576 152.696
240.327 41.241 153.766
240.384 40.9092 154.837
240.439 40.5809 155.908
240.492 40.2601 156.978
240.544 39.9484 158.049
240.594 39.6466 159.12
240.64 39.3657 160.191
240.684 39.096 161.261
240.727 38.8381 162.332
240.762 38.6189 163.403
240.795 38.4171 164.473
240.824 38.2318 165.544
240.848 38.0814 166.615
240.866 37.9641 167.67
240.881 37.8729 168.693
240.89 37.8156 169.672
240.896 37.7778 170.595
240.898 37.7662 171.453
240.897 37.7714 172.239
240.894 37.7892 172.95
240.89 37.8193 173.583
240.885 37.8543 174.141
240.879 37.8926 174.625
240.873 37.9337 175.039
240.867 37.9684 175.39
240.865 37.985 175.683
240.863 37.9963 175.925
240.861 38.0055 176.122
240.86 38.0129 176.28
240.863 37.9948 176.406
240.872 37.9354 176.505
240.9 37.7569 176.581

