71
95.6343 0.632685 0.0016
95.6403 0.493038 0.0258
95.6476 0.419619 0.05771
95.657 0.355149 0.0996
95.6691 0.29816 0.15435
95.6847 0.24852 0.22564
95.7048 0.20833 0.31801
95.7308 0.19332 0.43719
95.764 0.22443 0.59027
95.8062 0.328549 0.78604
95.8596 0.486538 1.03528
95.927 0.686864 1.35117
96.0114 0.939585 1.74976
96.119 1.25662 2.24986
96.2625 1.65003 2.87278
96.4422 2.13493 3.64735
96.6615 2.73517 4.60704
96.9275 3.46063 5.79062
97.2486 4.31197 7.24359
97.6424 5.29087 9.01906
98.112 6.29087 10.9964
98.5817 7.2605 12.9718
99.0447 8.21511 14.947
99.5313 9.13748 16.914
100.03 10.0144 18.8768
100.529 10.8511 20.8385
101.034 11.6555 22.798
101.569 12.4251 24.7477
102.105 13.1687 26.6968
102.641 13.8951 28.6451
103.187 14.582 30.5905
103.736 15.2463 32.5352
104.289 15.8861 34.4789
104.838 16.4921 36.4243
105.385 17.0852 38.3705
105.931 17.6376 40.318
106.475 18.1833 42.2662
106.994 18.6896 44.2237
107.512 19.1843 46.1817
108.028 19.6356 48.1419
108.527 20.0699 50.1077
108.994 20.4737 52.0837
109.462 20.8502 54.0605
109.932 21.2038 56.0377
110.363 21.5128 58.0267
110.783 21.8042 60.0191
111.212 22.0488 62.0114
111.619 22.2678 64.0096
112.004 22.4603 66.0136
112.396 22.5978 68.0185
112.776 22.7031 70.0269
113.144 22.7697 72.0391
113.497 22.7916 74.0224
113.847 22.7715 75.9434
114.163 22.7152 77.7794
114.447 22.6221 79.5067
114.718 22.4957 81.1044
114.968 22.3598 82.5605
115.191 22.2002 83.8694
115.372 22.0426 85.0305
115.535 21.8776 86.0438
115.677 21.7239 86.9158
115.797 21.5898 87.6557
115.901 21.4639 88.2751
115.987 21.3551 88.7866
116.057 21.2664 89.2035
116.113 21.195 89.5388
116.157 21.1472 89.8051
116.18 21.1656 90.0138
116.184 21.2584 90.1753
116.144 21.5627 90.2988

71
107.367 0.338319 1.2036
107.373 0.18887 1.22763
107.379 0.1153 1.25938
107.387 0.04896 1.30114
107.398 -0.01038 1.35582
107.413 -0.06337 1.42712
107.431 -0.10829 1.51968
107.455 -0.13025 1.63931
107.486 -0.11066 1.79325
107.526 -0.01342 1.99044
107.577 0.15229 2.2419
107.648 0.361089 2.55965
107.737 0.624966 2.96132
107.849 0.956507 3.46626
107.986 1.36717 4.09912
108.157 1.8635 4.8877
108.366 2.47932 5.86621
108.618 3.22802 7.07508
108.924 4.12524 8.56096
109.32 5.20847 10.3813
109.742 6.33125 12.3137
110.159 7.39286 14.2458
110.579 8.37634 16.1763
111.029 9.3103 18.098
111.473 10.2238 20.0197
111.916 11.1271 21.9401
112.365 12.0167 23.8574
112.827 12.887 25.77
113.288 13.7211 27.6823
113.749 14.537 29.594
114.213 15.3244 31.5044
114.676 16.0895 33.4146
115.137 16.842 35.3246
115.586 17.5657 37.2385
116.03 18.2824 39.1529
116.472 18.9641 41.0684
116.904 19.6372 42.9862
117.311 20.2831 44.9114
117.715 20.9152 46.8372
118.117 21.5243 48.7638
118.494 22.1103 50.697
118.848 22.6748 52.6363
119.203 23.2139 54.5762
119.556 23.7419 56.5164
119.872 24.2254 58.4663
120.185 24.6962 60.4168
120.503 25.1374 62.3675
120.797 25.5484 64.3237
121.077 25.9369 66.2833
121.361 26.2921 68.2434
121.633 26.6162 70.2064
121.895 26.9099 72.1721
122.147 27.1671 74.1081
122.393 27.3878 75.9834
122.617 27.5673 77.7736
122.816 27.6996 79.4565
123.005 27.8026 81.0122
123.182 27.881 82.4288
123.337 27.9264 83.701
123.465 27.9493 84.8278
123.579 27.9485 85.8103
123.677 27.9406 86.6549
123.762 27.9319 87.3707
123.834 27.9152 87.9692
123.894 27.8981 88.4628
123.944 27.8846 88.8645
123.983 27.8733 89.1871
124.014 27.8697 89.4427
124.028 27.9048 89.6429
124.024 28.0052 89.7974
123.973 28.2869 89.9154

71
119.145 -0.02558 2.7974
119.15 -0.1705 2.82122
119.157 -0.23914 2.85241
119.165 -0.30263 2.89394
119.177 -0.358739 2.94802
119.191 -0.408829 3.01886
119.21 -0.450479 3.11074
119.235 -0.466169 3.22976
119.266 -0.440089 3.38311
119.306 -0.33327 3.57964
119.36 -0.16623 3.83002
119.425 0.04695 4.14835
119.508 0.31634 4.55069
119.611 0.655297 5.05693
119.739 1.07657 5.69107
119.897 1.59484 6.48135
120.089 2.23777 7.46215
120.322 3.0226 8.67309
120.625 3.96709 10.1564
120.994 5.09355 11.9687
121.368 6.22938 13.8428
121.737 7.32897 15.7163
122.122 8.39843 17.5842
122.506 9.44639 19.4505
122.884 10.4693 21.3168
123.269 11.4659 23.1803
123.655 12.4428 25.0417
124.042 13.4038 26.9017
124.424 14.3406 28.7619
124.802 15.2657 30.6221
125.174 16.1765 32.4824
125.545 17.0667 34.3425
125.91 17.9498 36.2028
126.248 18.8081 38.0693
126.583 19.659 39.9359
126.916 20.487 41.8024
127.231 21.304 43.6725
127.521 22.1034 45.5482
127.807 22.8873 47.4243
128.089 23.6571 49.301
128.345 24.4022 51.1832
128.586 25.1346 53.0682
128.825 25.8431 54.9539
129.06 26.5441 56.8402
129.262 27.2091 58.7331
129.464 27.8625 60.626
129.668 28.4958 62.5189
129.846 29.1007 64.4165
130.016 29.689 66.3157
130.187 30.2547 68.2153
130.349 30.7938 70.1167
130.5 31.3091 72.0203
130.642 31.7921 73.8944
130.782 32.2402 75.7091
130.909 32.6445 77.4399
131.014 32.9931 79.0664
131.114 33.303 80.5693
131.207 33.5738 81.9372
131.293 33.8035 83.1642
131.361 33.9928 84.2497
131.417 34.1388 85.1961
131.467 34.2613 86.0087
131.51 34.3625 86.697
131.547 34.4401 87.2719
131.579 34.5027 87.7455
131.604 34.5529 88.1306
131.625 34.5934 88.4395
131.64 34.6273 88.6841
131.646 34.6785 88.8753
131.635 34.779 89.0227
131.574 35.0486 89.1352

71
130.949 -0.378929 4.7143
130.953 -0.519839 4.73795
130.958 -0.589978 4.76914
130.967 -0.653177 4.81012
130.976 -0.709597 4.86412
130.989 -0.759196 4.93455
131.005 -0.798395 5.02636
131.028 -0.813935 5.14481
131.057 -0.788075 5.29752
131.094 -0.678437 5.49343
131.141 -0.506159 5.74357
131.203 -0.28665 6.06109
131.279 -0.00846 6.46292
131.373 0.34181 6.9689
131.489 0.778995 7.60298
131.634 1.32134 8.39345
131.816 1.99265 9.3735
132.049 2.81518 10.5819
132.328 3.81624 12.0615
132.657 5.0183 13.8589
132.979 6.20112 15.6556
133.31 7.36233 17.4485
133.638 8.50436 19.2404
133.957 9.62965 21.0323
134.272 10.7383 22.8236
134.592 11.8276 24.612
134.905 12.9099 26.4001
135.211 13.9851 28.1883
135.507 15.047 29.9773
135.795 16.0941 31.767
136.074 17.1323 33.557
136.343 18.15 35.3481
136.601 19.1623 37.1405
136.834 20.1596 38.9372
137.059 21.1473 40.7342
137.278 22.1218 42.5318
137.473 23.0828 44.333
137.65 24.0333 46.1372
137.821 24.966 47.9418
137.986 25.8907 49.7467
138.123 26.7907 51.5562
138.251 27.6851 53.3666
138.377 28.5565 55.1772
138.493 29.4202 56.9889
138.584 30.2593 58.8043
138.674 31.0859 60.6197
138.763 31.9004 62.4351
138.83 32.6891 64.2536
138.891 33.4654 66.0728
138.948 34.226 67.8924
139.002 34.9658 69.7127
139.041 35.6853 71.5348
139.071 36.3748 73.3285
139.101 37.028 75.065
139.127 37.6347 76.7203
139.14 38.1831 78.2746
139.148 38.6772 79.7112
139.156 39.1182 81.0186
139.165 39.5055 82.1908
139.174 39.843 83.2265
139.176 40.1225 84.1292
139.174 40.3574 84.9047
139.173 40.5543 85.5611
139.174 40.716 86.1091
139.174 40.8467 86.5605
139.174 40.9531 86.9273
139.174 41.0379 87.2215
139.174 41.1066 87.4542
139.171 41.1726 87.636
139.155 41.2647 87.7762
139.089 41.519 87.883

71
142.687 -1.01886 6.6891
142.69 -1.15132 6.7125
142.696 -1.22059 6.74321
142.702 -1.28324 6.78408
142.71 -1.33731 6.8377
142.721 -1.38551 6.90769
142.737 -1.41958 6.99831
142.756 -1.43199 7.11576
142.782 -1.39934 7.26709
142.816 -1.27588 7.4607
142.859 -1.09119 7.70804
142.913 -0.856635 8.02182
142.983 -0.560719 8.41806
143.068 -0.18783 8.9167
143.18 0.27597 9.5395
143.321 0.852635 10.3148
143.49 1.56793 11.276
143.696 2.45015 12.4616
143.938 3.5262 13.909
144.217 4.78809 15.6151
144.498 6.03868 17.3189
144.772 7.27958 19.0219
145.038 8.5091 20.7249
145.295 9.72679 22.4276
145.547 10.9333 24.1295
145.794 12.1291 25.8309
146.031 13.3178 27.5323
146.255 14.5005 29.2345
146.465 15.6754 30.938
146.664 16.8371 32.6421
146.853 17.9929 34.3467
147.023 19.1361 36.0533
147.177 20.2731 37.7615
147.309 21.4004 39.4723
147.432 22.517 41.1836
147.546 23.6252 42.8952
147.631 24.7194 44.6103
147.702 25.8072 46.3269
147.766 26.8776 48.0436
147.823 27.9434 49.7604
147.851 28.9872 51.4807
147.873 30.0267 53.2011
147.892 31.0485 54.9214
147.899 32.0613 56.6425
147.89 33.0565 58.3654
147.875 34.0397 60.0885
147.854 35.0142 61.8118
147.822 35.9684 63.5362
147.781 36.9123 65.2611
147.731 37.8438 66.9868
147.679 38.7588 68.7125
147.616 39.6594 70.4391
147.544 40.5307 72.1385
147.47 41.3612 73.784
147.397 42.1422 75.3522
147.326 42.8639 76.8237
147.249 43.5174 78.184
147.177 44.104 79.4223
147.112 44.6247 80.5326
147.054 45.0812 81.5135
147.004 45.474 82.3679
146.96 45.8094 83.1014
146.922 46.0908 83.7226
146.887 46.3211 84.2415
146.857 46.5089 84.669
146.832 46.6615 85.0164
146.813 46.784 85.2949
146.797 46.8814 85.5153
146.785 46.9616 85.6875
146.764 47.054 85.8204
146.699 47.2786 85.9215

71
154.325 -2.04882 8.5273
154.326 -2.1739 8.55052
154.33 -2.24349 8.58125
154.335 -2.30283 8.62171
154.342 -2.35369 8.67474
154.353 -2.39715 8.74363
154.365 -2.42753 8.83348
154.382 -2.43585 8.94962
154.407 -2.38843 9.0987
154.44 -2.24572 9.28963
154.482 -2.03762 9.53292
154.534 -1.77319 9.84178
154.601 -1.43959 10.2316
154.684 -1.02031 10.7216
154.785 -0.496359 11.3345
154.909 0.15531 12.0975
155.059 0.962544 13.0427
155.238 1.95765 14.2081
155.449 3.17886 15.6406
155.684 4.53553 17.2422
155.909 5.88483 18.8437
156.123 7.22576 20.445
156.327 8.55745 22.0463
156.521 9.87982 23.6474
156.705 11.193 25.2486
156.879 12.4972 26.8499
157.044 13.7865 28.4509
157.188 15.0684 30.0538
157.313 16.3437 31.6583
157.429 17.6042 33.2629
157.531 18.8602 34.8682
157.612 20.1082 36.4753
157.672 21.3499 38.0842
157.711 22.5857 39.6948
157.74 23.8107 41.3055
157.76 25.0302 42.9164
157.747 26.2361 44.5303
157.721 27.438 46.1448
157.688 28.6232 47.7593
157.647 29.8051 49.3739
157.585 30.9695 50.9902
157.514 32.1293 52.6064
157.435 33.2753 54.223
157.346 34.4131 55.8399
157.247 35.5382 57.4572
157.139 36.6521 59.0748
157.023 37.7588 60.6926
156.902 38.8516 62.3104
156.77 39.9352 63.9287
156.625 41.0075 65.5478
156.476 42.0656 67.1668
156.323 43.115 68.7858
156.163 44.1365 70.379
155.998 45.1139 71.9221
155.835 46.0363 73.3928
155.68 46.8945 74.7729
155.534 47.6806 76.0482
155.397 48.3904 77.2094
155.267 49.0198 78.2512
155.15 49.5731 79.1721
155.048 50.0519 79.9743
154.959 50.4615 80.6635
154.883 50.8076 81.2471
154.82 51.0945 81.7347
154.769 51.3308 82.1364
154.726 51.5224 82.4631
154.692 51.6765 82.7252
154.664 51.7977 82.9328
154.642 51.894 83.095
154.617 51.9923 83.2203
154.546 52.2199 83.3157

71
165.903 -2.89347 10.3797
165.904 -3.01197 10.4027
165.908 -3.07914 10.433
165.913 -3.13345 10.4729
165.919 -3.18212 10.5254
165.927 -3.22075 10.5936
165.94 -3.24664 10.6821
165.956 -3.24741 10.7964
165.977 -3.18454 10.9435
166.007 -3.01994 11.1313
166.043 -2.78236 11.3708
166.091 -2.48195 11.6738
166.15 -2.10306 12.056
166.222 -1.6275 12.5358
166.311 -1.03678 13.1347
166.417 -0.30288 13.8791
166.544 0.603909 14.7997
166.695 1.71616 15.9322
166.874 3.07167 17.3182
167.056 4.53028 18.8189
167.226 5.9794 20.3195
167.384 7.41744 21.8202
167.526 8.84475 23.3213
167.656 10.2617 24.8227
167.774 11.6683 26.3242
167.879 13.0654 27.8258
167.97 14.4483 29.3282
168.037 15.8214 30.8321
168.086 17.1874 32.3371
168.126 18.5374 33.8421
168.147 19.8829 35.3481
168.144 21.2208 36.8556
168.119 22.5524 38.3644
168.075 23.879 39.8741
168.021 25.197 41.3839
167.957 26.5111 42.8938
167.858 27.8126 44.4057
167.745 29.1108 45.918
167.625 30.3953 47.4303
167.495 31.6767 48.9426
167.351 32.9435 50.4554
167.197 34.2059 51.9683
167.032 35.4552 53.4813
166.86 36.6982 54.9944
166.679 37.9317 56.5076
166.488 39.155 58.0209
166.288 40.3712 59.5343
166.082 41.5752 61.0478
165.867 42.7727 62.5613
165.644 43.9622 64.0748
165.411 45.1377 65.5887
165.173 46.305 67.1025
164.932 47.4459 68.5919
164.692 48.5435 70.0341
164.454 49.5809 71.409
164.225 50.5473 72.6994
164.01 51.4345 73.8922
163.811 52.2386 74.9781
163.631 52.9571 75.9523
163.469 53.5892 76.8137
163.323 54.1358 77.5646
163.196 54.6044 78.2098
163.088 55 78.7565
162.998 55.3283 79.2134
162.923 55.5991 79.59
162.862 55.8185 79.8964
162.812 55.9948 80.1424
162.773 56.1344 80.3372
162.743 56.2452 80.4896
162.713 56.3476 80.6073
162.633 56.5884 80.6971

71
177.429 -3.17161 12.3443
177.429 -3.28284 12.3661
177.432 -3.34525 12.3949
177.435 -3.39511 12.4328
177.439 -3.43986 12.4823
177.447 -3.47423 12.5469
177.456 -3.49627 12.6306
177.468 -3.49289 12.7388
177.486 -3.42467 12.8777
177.511 -3.24718 13.0553
177.542 -2.99532 13.2814
177.58 -2.67621 13.5679
177.628 -2.274 13.929
177.687 -1.77003 14.382
177.759 -1.14416 14.9476
177.845 -0.36685 15.6503
177.947 0.592749 16.5192
178.064 1.77038 17.5882
178.198 3.20638 18.8962
178.329 4.74768 20.3071
178.448 6.28041 21.718
178.548 7.80414 23.1295
178.632 9.31794 24.5414
178.703 10.8221 25.9535
178.76 12.3169 27.3657
178.805 13.8033 28.7781
178.817 15.2779 30.1925
178.813 16.7429 31.6075
178.793 18.2006 33.0228
178.763 19.6413 34.4382
178.712 21.0761 35.8543
178.627 22.4985 37.2722
178.525 23.9129 38.6904
178.407 25.3196 40.109
178.276 26.7192 41.5277
178.133 28.1144 42.9466
177.961 29.5001 44.3662
177.773 30.8817 45.786
177.576 32.2524 47.2059
177.368 33.6199 48.6257
177.149 34.9745 50.0457
176.92 36.3256 51.4656
176.68 37.6637 52.8857
176.431 38.9973 54.3057
176.174 40.322 55.7258
175.909 41.6396 57.1458
175.635 42.9507 58.5658
175.354 44.2502 59.9858
175.065 45.5436 61.4058
174.767 46.8297 62.8258
174.462 48.1079 64.2458
174.149 49.3778 65.6658
173.833 50.6191 67.063
173.521 51.8148 68.4158
173.217 52.9488 69.7053
172.926 54.0074 70.9157
172.651 54.9792 72.0345
172.397 55.8609 73.0533
172.167 56.6492 73.9673
171.96 57.3437 74.7755
171.777 57.9471 75.48
171.619 58.4653 76.0854
171.484 58.903 76.5984
171.371 59.2667 77.0272
171.276 59.5661 77.3808
171.199 59.8096 77.6685
171.137 60.0051 77.8994
171.088 60.16 78.0825
171.049 60.2818 78.2257
171.015 60.386 78.3363
170.931 60.6301 78.4205

71
188.867 -2.97457 14.228
188.867 -3.07909 14.2485
188.869 -3.13407 14.2757
188.871 -3.17978 14.3114
188.875 -3.22063 14.3582
188.882 -3.25089 14.419
188.888 -3.26961 14.4981
188.897 -3.2616 14.6002
188.912 -3.18365 14.7313
188.931 -2.99203 14.899
188.956 -2.72978 15.1126
188.986 -2.3976 15.3832
189.023 -1.97863 15.7243
189.068 -1.45371 16.1524
189.121 -0.800968 16.6871
189.183 0.00953 17.3516
189.256 1.01046 18.1731
189.339 2.23955 19.1839
189.43 3.74294 20.4237
189.513 5.34368 21.7494
189.576 6.93726 23.0756
189.618 8.52461 24.4026
189.645 10.103 25.7297
189.66 11.6724 27.0567
189.661 13.234 28.3839
189.643 14.7889 29.7116
189.585 16.3328 31.041
189.515 17.869 32.3705
189.433 19.3979 33.7
189.341 20.9111 35.0294
189.227 22.4174 36.3592
189.065 23.9067 37.6902
188.892 25.3882 39.0213
188.707 26.8596 40.3524
188.508 28.3235 41.6835
188.297 29.7813 43.0147
188.061 31.2302 44.3458
187.807 32.6738 45.677
187.543 34.1105 47.0082
187.269 35.5437 48.3394
186.985 36.9679 49.6706
186.69 38.3887 51.0018
186.385 39.7989 52.3329
186.07 41.2052 53.6641
185.747 42.6016 54.9953
185.417 43.994 56.3265
185.079 45.3817 57.6577
184.734 46.7604 58.9889
184.379 48.1329 60.3201
184.016 49.4972 61.6514
183.646 50.8566 62.9826
183.268 52.211 64.3138
182.889 53.5378 65.6235
182.515 54.8157 66.8917
182.15 56.0266 68.1005
181.802 57.1589 69.2351
181.477 58.201 70.2837
181.175 59.1471 71.2385
180.902 59.9945 72.0951
180.658 60.7416 72.8524
180.442 61.3907 73.5125
180.255 61.9478 74.0797
180.096 62.4187 74.5602
179.962 62.8107 74.9619
179.851 63.1335 75.293
179.76 63.3962 75.5624
179.687 63.6071 75.7787
179.63 63.7744 75.95
179.584 63.9052 76.0841
179.547 64.0117 76.1876
179.463 64.2486 76.266

71
200.215 -2.54899 15.9923
200.216 -2.64501 16.0116
200.217 -2.69421 16.0371
200.218 -2.73685 16.0707
200.221 -2.77449 16.1147
200.224 -2.8014 16.1721
200.229 -2.81521 16.2465
200.235 -2.8022 16.3428
200.245 -2.7142 16.4664
200.258 -2.5126 16.6247
200.274 -2.24198 16.8264
200.295 -1.89951 17.0819
200.32 -1.46689 17.4044
200.35 -0.925027 17.8091
200.385 -0.25024 18.3147
200.427 0.587849 18.9433
200.472 1.62432 19.721
200.521 2.89936 20.6784
200.57 4.4576 21.8517
200.601 6.10565 23.0966
200.605 7.74887 24.3422
200.596 9.38619 25.5878
200.575 11.0155 26.8334
200.54 12.6375 28.079
200.483 14.2538 29.325
200.393 15.8654 30.5717
200.281 17.4664 31.8186
200.156 19.0606 33.0655
200.02 20.6468 34.3125
199.861 22.2192 35.5595
199.683 23.7858 36.8066
199.463 25.335 38.0533
199.23 26.8788 39.3001
198.987 28.4115 40.5468
198.73 29.9342 41.7935
198.457 31.4439 43.04
198.166 32.9438 44.2861
197.856 34.4343 45.532
197.535 35.9231 46.7779
197.203 37.4102 48.0238
196.861 38.8928 49.2697
196.508 40.3719 50.5157
196.148 41.8426 51.7617
195.779 43.3094 53.0078
195.399 44.767 54.2539
195.009 46.2211 55.5001
194.614 47.6703 56.7464
194.212 49.1148 57.9928
193.803 50.555 59.2393
193.385 51.9873 60.4859
192.956 53.4144 61.7324
192.519 54.8373 62.979
192.084 56.2344 64.2055
191.657 57.5834 65.3932
191.242 58.8628 66.5251
190.844 60.0592 67.5873
190.472 61.162 68.5689
190.127 62.1631 69.4625
189.815 63.06 70.2639
189.538 63.8527 70.9724
189.295 64.5417 71.5897
189.084 65.1325 72.12
188.904 65.632 72.5691
188.753 66.0486 72.9443
188.627 66.3914 73.2535
188.524 66.6697 73.5049
188.442 66.8939 73.7067
188.377 67.0709 73.8665
188.325 67.2092 73.9914
188.284 67.3187 74.0878
188.203 67.5434 74.161

71
211.471 -1.84734 17.8103
211.471 -1.9324 17.8283
211.472 -1.97709 17.8522
211.473 -2.0162 17.8836
211.474 -2.05019 17.9249
211.476 -2.07345 17.9787
211.478 -2.08327 18.0487
211.482 -2.0663 18.1392
211.488 -1.96699 18.2556
211.495 -1.75835 18.4048
211.506 -1.48211 18.595
211.518 -1.13142 18.8363
211.532 -0.688709 19.141
211.548 -0.13309 19.5238
211.567 0.560479 20.0026
211.587 1.42324 20.5983
211.608 2.49154 21.336
211.625 3.80833 22.2449
211.618 5.40981 23.3507
211.591 7.09852 24.519
211.549 8.78337 25.6873
211.495 10.4646 26.8556
211.428 12.1398 28.0239
211.336 13.8096 29.1923
211.216 15.4757 30.3608
211.067 17.1381 31.5291
210.905 18.7923 32.6974
210.729 20.4403 33.8657
210.542 22.0789 35.0341
210.321 23.7072 36.2016
210.076 25.3297 37.3689
209.803 26.9376 38.5351
209.517 28.5417 39.7013
209.22 30.134 40.8675
208.908 31.7181 42.0335
208.579 33.2816 43.199
208.234 34.8379 44.3641
207.873 36.3821 45.5286
207.499 37.9239 46.6932
207.113 39.463 47.8577
206.719 40.9987 49.0224
206.315 42.5307 50.1873
205.904 44.0564 51.3524
205.484 45.5775 52.5177
205.053 47.0921 53.683
204.611 48.6027 54.8483
204.161 50.1045 56.0137
203.707 51.6035 57.1796
203.249 53.0994 58.346
202.783 54.5891 59.5125
202.305 56.0737 60.6789
201.816 57.5528 61.8453
201.325 59.0027 62.9928
200.853 60.4052 64.1043
200.394 61.737 65.1635
199.957 62.983 66.1571
199.546 64.1302 67.075
199.167 65.1725 67.9103
198.822 66.1048 68.6591
198.514 66.927 69.3207
198.243 67.6415 69.8967
198.011 68.2568 70.3913
197.815 68.7774 70.81
197.65 69.2114 71.1595
197.514 69.5696 71.4474
197.402 69.8591 71.6812
197.311 70.0912 71.8686
197.241 70.2756 72.0169
197.186 70.4194 72.1328
197.141 70.5338 72.2221
197.065 70.737 72.29

71
222.631 -0.825068 19.7077
222.632 -0.900878 19.7244
222.632 -0.942617 19.7466
222.632 -0.978237 19.776
222.634 -1.00783 19.8144
222.634 -1.02869 19.8648
222.634 -1.03542 19.9304
222.637 -1.01527 20.0153
222.638 -0.908317 20.1248
222.641 -0.693449 20.2654
222.645 -0.41168 20.4449
222.649 -0.05357 20.673
222.651 0.39964 20.9615
222.656 0.969227 21.3246
222.658 1.68245 21.7794
222.659 2.57062 22.3461
222.641 3.67562 23.049
222.604 5.04154 23.9162
222.548 6.72249 24.9835
222.477 8.44803 26.0801
222.392 10.1713 27.1767
222.294 11.8931 28.2733
222.17 13.6117 29.3696
222.013 15.3262 30.4652
221.829 17.0373 31.5603
221.634 18.7461 32.6555
221.425 20.4495 33.7506
221.201 22.1481 34.8456
220.958 23.8372 35.9402
220.678 25.5166 37.0329
220.367 27.1879 38.1239
220.044 28.8496 39.215
219.709 30.5079 40.3061
219.362 32.1532 41.3971
219.001 33.7945 42.488
218.616 35.4162 43.5773
218.218 37.034 44.6665
217.806 38.6417 45.7552
217.381 40.2445 46.8439
216.946 41.8374 47.9327
216.502 43.4248 49.0217
216.051 45.0042 50.111
215.591 46.5802 51.2009
215.124 48.153 52.2912
214.646 49.7199 53.3814
214.156 51.2827 54.4716
213.657 52.8316 55.5619
213.154 54.377 56.6528
212.652 55.9187 57.745
212.141 57.4524 58.8373
211.621 58.9796 59.9296
211.089 60.4993 61.0219
210.558 61.9855 62.0964
210.036 63.412 63.1362
209.545 64.7706 64.128
209.077 66.0389 65.058
208.64 67.2044 65.9166
208.237 68.2609 66.6973
207.873 69.205 67.3968
207.547 70.0349 68.0141
207.261 70.7547 68.5511
207.014 71.3711 69.0115
206.804 71.8916 69.4008
206.629 72.3251 69.7254
206.484 72.6811 69.9922
206.368 72.9714 70.2089
206.275 73.2041 70.3824
206.201 73.387 70.5193
206.144 73.5303 70.6262
206.098 73.6437 70.7084
206.03 73.8204 70.7708

71
233.693 0.31688 21.5309
233.693 0.24379 21.5464
233.693 0.20439 21.5669
233.692 0.17163 21.5941
233.691 0.14502 21.6299
233.69 0.12616 21.6769
233.69 0.12181 21.7382
233.69 0.14373 21.8178
233.687 0.25068 21.9206
233.687 0.47003 22.053
233.684 0.756619 22.2224
233.68 1.12183 22.4382
233.67 1.58524 22.7117
233.651 2.17003 23.0565
233.626 2.90371 23.4892
233.589 3.82022 24.0297
233.541 4.9618 24.7014
233.472 6.37699 25.5319
233.376 8.10791 26.546
233.266 9.86425 27.5751
233.143 11.6197 28.6042
232.985 13.3748 29.6321
232.794 15.13 30.6587
232.583 16.8846 31.6847
232.358 18.638 32.7107
232.121 20.3887 33.7368
231.87 22.1369 34.7628
231.604 23.882 35.7885
231.287 25.6139 36.8101
230.953 27.3412 37.8311
230.599 29.0624 38.8512
230.232 30.7779 39.8713
229.853 32.4895 40.8913
229.461 34.1913 41.9112
229.056 35.8897 42.9312
228.623 37.5715 43.9484
228.176 39.2502 44.9655
227.717 40.9203 45.9825
227.246 42.5866 46.9996
226.765 44.2389 48.0168
226.274 45.8877 49.0342
225.777 47.5299 50.0526
225.272 49.1691 51.0715
224.76 50.8048 52.0912
224.237 52.429 53.1109
223.703 54.0447 54.1304
223.162 55.6394 55.1501
222.614 57.226 56.1703
222.068 58.8022 57.192
221.521 60.3671 58.2146
220.965 61.9213 59.2374
220.4 63.4628 60.2601
219.837 64.9661 61.2659
219.286 66.4064 62.2392
218.755 67.7671 63.1658
218.265 69.0405 64.0357
217.811 70.2075 64.8383
217.394 71.2588 65.5674
217.018 72.1934 66.2198
216.685 73.0117 66.795
216.394 73.7181 67.2945
216.143 74.3219 67.7222
215.931 74.8289 68.0831
215.754 75.25 68.3836
215.608 75.5944 68.6301
215.489 75.8729 68.8296
215.393 76.0954 68.989
215.319 76.2713 69.1147
215.26 76.4074 69.2124
215.215 76.5144 69.2875
215.154 76.6673 69.3443

71
244.635 1.23843 23.2226
244.635 1.16676 23.2367
244.634 1.12976 23.2556
244.633 1.10042 23.2806
244.631 1.07543 23.3137
244.627 1.05677 23.357
244.623 1.05203 23.4139
244.619 1.0715 23.488
244.61 1.16701 23.5839
244.601 1.38807 23.7076
244.587 1.67811 23.8663
244.57 2.04822 24.0688
244.548 2.51807 24.3261
244.518 3.11291 24.6511
244.478 3.86194 25.0597
244.424 4.79917 25.5707
244.353 5.96876 26.2065
244.257 7.41796 26.9929
244.127 9.19717 27.9562
243.984 10.9794 28.9197
243.802 12.7649 29.8807
243.583 14.5534 30.8394
243.353 16.3443 31.7982
243.108 18.137 32.757
242.849 19.9313 33.7156
242.576 21.7256 34.6744
242.281 23.5169 35.6318
241.962 25.3044 36.5878
241.603 27.0839 37.5394
241.226 28.8608 38.4904
240.835 30.6353 39.4411
240.432 32.4075 40.3919
240.016 34.1772 41.3429
239.583 35.9407 42.2932
239.134 37.6999 43.243
238.665 39.4453 44.1911
238.181 41.1853 45.1387
237.685 42.9182 46.0863
237.175 44.648 47.034
236.652 46.3792 47.9815
236.116 48.1087 48.9292
235.574 49.8418 49.8787
235.023 51.5684 50.8286
234.467 53.2837 51.7797
233.901 54.9843 52.7308
233.326 56.6732 53.6822
232.744 58.3278 54.6333
232.155 59.9639 55.5846
231.565 61.5715 56.5366
230.985 63.1624 57.4915
230.401 64.7354 58.4469
229.813 66.2862 59.4024
229.229 67.787 60.3419
228.661 69.2166 61.2505
228.116 70.5603 62.1149
227.604 71.7966 62.9241
227.138 72.9332 63.6713
226.719 73.9557 64.3502
226.343 74.863 64.9568
226.011 75.6511 65.4905
225.724 76.3306 65.9535
225.475 76.9089 66.3489
225.267 77.3911 66.6819
225.094 77.79 66.9586
224.951 78.1155 67.1849
224.836 78.3787 67.3677
224.744 78.588 67.5134
224.671 78.7522 67.6277
224.615 78.8799 67.7165
224.573 78.9789 67.7845
224.518 79.1098 67.8354

71
255.452 1.74437 24.8523
255.451 1.67799 24.8651
255.45 1.6437 24.8822
255.448 1.61501 24.9051
255.445 1.58887 24.9353
255.441 1.56918 24.9751
255.436 1.55923 25.0275
255.429 1.56891 25.0957
255.42 1.63233 25.1844
255.406 1.84538 25.299
255.389 2.13861 25.4465
255.366 2.51399 25.6352
255.337 2.99191 25.8755
255.298 3.59796 26.1798
255.248 4.36213 26.5635
255.181 5.32164 27.0444
255.091 6.5268 27.6441
254.974 8.01164 28.3806
254.82 9.80588 29.268
254.611 11.5985 30.1499
254.383 13.3962 31.0309
254.142 15.202 31.912
253.888 17.0133 32.7931
253.621 18.8269 33.6743
253.341 20.647 34.5556
253.046 22.4693 35.4365
252.727 24.2895 36.3157
252.356 26.0969 37.1873
251.973 27.9045 38.0591
251.576 29.7116 38.9309
251.165 31.5165 39.8024
250.74 33.3198 40.6739
250.303 35.122 41.5456
249.849 36.9212 42.4166
249.378 38.7165 43.2865
248.889 40.507 44.1555
248.384 42.2925 45.0237
247.866 44.0751 45.8918
247.334 45.8548 46.7599
246.79 47.6289 47.628
246.233 49.3993 48.4962
245.671 51.1547 49.3657
245.098 52.9079 50.2358
244.521 54.6745 51.1085
243.928 56.4491 51.9812
243.318 58.2382 52.8539
242.698 60.0039 53.7266
242.069 61.7488 54.5993
241.439 63.4516 55.4723
240.811 65.122 56.3465
240.186 66.7693 57.2227
239.566 68.3905 58.1009
238.956 69.9484 58.9642
238.368 71.4167 59.799
237.804 72.79 60.5925
237.277 74.0493 61.3348
236.789 75.1935 62.0182
236.346 76.2151 62.6376
235.952 77.1179 63.1907
235.615 77.9017 63.6782
235.325 78.5773 64.1007
235.076 79.1513 64.4611
234.868 79.6266 64.7639
234.696 80.0192 65.015
234.554 80.3393 65.22
234.44 80.5971 65.3852
234.349 80.8015 65.5164
234.277 80.9616 65.6192
234.222 81.0862 65.6988
234.179 81.1824 65.7596
234.125 81.3189 65.8053

71
95.6343 0.632685 0.0016
95.6385 0.772342 0.0258
95.6448 0.839099 0.05771
95.6533 0.910316 0.0996
95.6647 0.973833 0.15435
95.6793 1.0495 0.22564
95.6983 1.1406 0.31801
95.7227 1.25699 0.43719
95.7539 1.40643 0.59027
95.7934 1.59751 0.78604
95.8432 1.84087 1.03528
95.9054 2.14916 1.35117
95.9825 2.53825 1.74976
96.0796 3.02636 2.24986
96.2085 3.62193 2.87278
96.3681 4.34084 3.64735
96.5588 5.22625 4.60704
96.7853 6.28645 5.79062
97.0523 7.53243 7.24359
97.3717 8.98816 9.01906
97.7473 10.5353 10.9964
98.1122 12.0443 12.9718
98.4639 13.4985 14.947
98.8397 14.8556 16.914
99.2311 16.1063 18.8768
99.6262 17.2771 20.8385
100.027 18.3888 22.798
100.467 19.4178 24.7477
100.911 20.3929 26.6968
101.36 21.3174 28.6451
101.828 22.1664 30.5905
102.302 22.9781 32.5352
102.792 23.7118 34.4789
103.278 24.4238 36.4243
103.777 25.0608 38.3705
104.273 25.6835 40.318
104.787 26.2163 42.2662
105.273 26.7343 44.2237
105.775 27.174 46.1817
106.272 27.6042 48.1419
106.771 27.9437 50.1077
107.237 28.2658 52.0837
107.723 28.5046 54.0605
108.209 28.7318 56.0377
108.672 28.8669 58.0267
109.127 28.9775 60.0191
109.605 29.0007 62.0114
110.065 28.9883 64.0096
110.516 28.905 66.0136
110.978 28.7651 68.0185
111.436 28.5641 70.0269
111.895 28.2763 72.0391
112.345 27.9225 74.0224
112.793 27.5181 75.9434
113.211 27.0634 77.7794
113.595 26.5733 79.5067
113.96 26.0625 81.1044
114.303 25.5453 82.5605
114.607 25.0421 83.8694
114.863 24.5578 85.0305
115.095 24.0851 86.0438
115.297 23.6566 86.9158
115.469 23.2837 87.6557
115.617 22.945 88.2751
115.741 22.6527 88.7866
115.841 22.4145 89.2035
115.921 22.2228 89.5388
115.985 22.0705 89.8051
116.034 21.9504 90.0138
116.078 21.8297 90.1753
116.144 21.5627 90.2988

71
107.367 0.338319 1.2036
107.372 0.487768 1.22763
107.378 0.555118 1.25938
107.386 0.624786 1.30114
107.396 0.688925 1.35582
107.41 0.765914 1.42712
107.428 0.860891 1.51968
107.451 0.983616 1.63931
107.48 1.14168 1.79325
107.518 1.34402 1.99044
107.565 1.60204 2.2419
107.631 1.92708 2.55965
107.713 2.33786 2.96132
107.815 2.85418 3.46626
107.939 3.48847 4.09912
108.089 4.25168 4.8877
108.27 5.19614 5.86621
108.481 6.33453 7.07508
108.731 7.68091 8.56096
109.049 9.28296 10.3813
109.381 10.9169 12.3137
109.704 12.4401 14.2458
110.026 13.8647 16.1763
110.375 15.2126 18.098
110.717 16.5069 20.0197
111.058 17.7516 21.9401
111.406 18.9452 23.8574
111.775 20.0592 25.77
112.148 21.1036 27.6823
112.521 22.1136 29.594
112.91 23.0352 31.5044
113.298 23.9359 33.4146
113.696 24.7675 35.3246
114.083 25.5695 37.2385
114.477 26.3109 39.1529
114.871 27.0207 41.0684
115.265 27.6806 42.9862
115.638 28.3006 44.9114
116.021 28.867 46.8372
116.407 29.4001 48.7638
116.776 29.8841 50.697
117.13 30.3264 52.6363
117.492 30.7197 54.5762
117.864 31.072 56.5164
118.203 31.3726 58.4663
118.549 31.6304 60.4168
118.907 31.8443 62.3675
119.251 32 64.3237
119.589 32.1061 66.2833
119.941 32.1546 68.2434
120.286 32.1576 70.2064
120.631 32.1015 72.1721
120.974 31.9857 74.1081
121.314 31.8277 75.9834
121.634 31.6221 77.7736
121.931 31.3668 79.4565
122.214 31.0961 81.0122
122.479 30.8196 82.4288
122.717 30.5377 83.701
122.919 30.2575 84.8278
123.103 29.9763 85.8103
123.261 29.7206 86.6549
123.398 29.4961 87.3707
123.517 29.2885 87.9692
123.615 29.1115 88.4628
123.696 28.9659 88.8645
123.76 28.8492 89.1871
123.811 28.7573 89.4427
123.851 28.6825 89.6429
123.894 28.5736 89.7974
123.973 28.2869 89.9154

71
119.145 -0.02558 2.7974
119.15 0.11934 2.82122
119.157 0.1834 2.85241
119.165 0.25113 2.89394
119.177 0.31681 2.94802
119.191 0.397869 3.01886
119.21 0.499779 3.11074
119.234 0.631107 3.22976
119.264 0.800914 3.38311
119.302 1.01829 3.57964
119.353 1.29483 3.83002
119.414 1.64675 4.14835
119.49 2.09188 4.55069
119.584 2.6513 5.05693
119.697 3.33835 5.69107
119.836 4.15623 6.48135
119.999 5.1703 7.46215
120.191 6.38478 8.67309
120.438 7.80035 10.1564
120.731 9.4624 11.9687
121.019 11.111 13.8428
121.297 12.6733 15.7163
121.586 14.1773 17.5842
121.872 15.6238 19.4505
122.153 16.993 21.3168
122.442 18.2891 23.1803
122.735 19.5331 25.0417
123.031 20.7209 26.9017
123.328 21.8449 28.7619
123.622 22.9347 30.6221
123.92 23.9625 32.4824
124.217 24.9567 34.3425
124.517 25.903 36.2028
124.795 26.8076 38.0693
125.076 27.6699 39.9359
125.362 28.4896 41.8024
125.637 29.2742 43.6725
125.893 30.0159 45.5482
126.153 30.7227 47.4243
126.418 31.3834 49.301
126.663 32.0081 51.1832
126.901 32.5926 53.0682
127.143 33.1426 54.9539
127.392 33.6469 56.8402
127.614 34.1123 58.7331
127.846 34.5358 60.626
128.086 34.925 62.5189
128.309 35.2664 64.4165
128.532 35.5702 66.3157
128.765 35.8278 68.2153
128.997 36.0386 70.1167
129.227 36.2062 72.0203
129.456 36.3237 73.8944
129.686 36.3987 75.7091
129.907 36.4256 77.4399
130.106 36.4084 79.0664
130.297 36.3653 80.5693
130.479 36.3007 81.9372
130.646 36.2226 83.1642
130.79 36.1291 84.2497
130.915 36.0166 85.1961
131.027 35.911 86.0087
131.122 35.8164 86.697
131.204 35.7237 87.2719
131.275 35.6433 87.7455
131.331 35.5777 88.1306
131.377 35.5247 88.4395
131.413 35.4813 88.6841
131.446 35.4299 88.8753
131.489 35.3261 89.0227
131.574 35.0486 89.1352

71
130.949 -0.378929 4.7143
130.954 -0.23802 4.73795
130.96 -0.17306 4.76914
130.968 -0.10722 4.81012
130.978 -0.03936 4.86412
130.991 0.04472 4.93455
131.007 0.15254 5.02636
131.03 0.29151 5.14481
131.058 0.470779 5.29752
131.094 0.700267 5.49343
131.139 0.99357 5.74357
131.196 1.36607 6.06109
131.266 1.83768 6.46292
131.351 2.43056 6.9689
131.454 3.15489 7.60298
131.579 4.0251 8.39345
131.733 5.10084 9.3735
131.925 6.37884 10.5819
132.148 7.88635 12.0615
132.401 9.63967 13.8589
132.641 11.3277 15.6556
132.885 12.9352 17.4485
133.122 14.4861 19.2404
133.349 15.9759 21.0323
133.571 17.402 22.8236
133.799 18.7763 24.612
134.021 20.1095 26.4001
134.239 21.3888 28.1883
134.453 22.6086 29.9773
134.66 23.7868 31.767
134.866 24.9137 33.557
135.065 26.008 35.3481
135.257 27.0634 37.1405
135.429 28.0844 38.9372
135.601 29.067 40.7342
135.772 30.0103 42.5318
135.926 30.9181 44.333
136.068 31.7914 46.1372
136.21 32.6285 47.9418
136.356 33.4295 49.7467
136.479 34.1942 51.5562
136.601 34.9275 53.3666
136.728 35.6239 55.1772
136.854 36.2862 56.9889
136.963 36.9112 58.8043
137.078 37.5022 60.6197
137.2 38.0646 62.4351
137.308 38.5859 64.2536
137.418 39.0749 66.0728
137.534 39.5277 67.8924
137.654 39.9435 69.7127
137.768 40.3198 71.5348
137.882 40.6515 73.3285
138 40.9431 75.065
138.116 41.1898 76.7203
138.22 41.3904 78.2746
138.318 41.5497 79.7112
138.412 41.6757 81.0186
138.502 41.7725 82.1908
138.586 41.8435 83.2265
138.656 41.8826 84.1292
138.715 41.9069 84.9047
138.767 41.9224 85.5611
138.814 41.9266 86.1091
138.852 41.926 86.5605
138.884 41.9265 86.9273
138.909 41.9263 87.2215
138.93 41.9247 87.4542
138.957 41.888 87.636
138.999 41.7893 87.7762
139.089 41.519 87.883

71
142.687 -1.01886 6.6891
142.692 -0.886394 6.7125
142.699 -0.822415 6.74321
142.706 -0.756246 6.78408
142.715 -0.683827 6.8377
142.726 -0.595238 6.90769
142.743 -0.481609 6.99831
142.763 -0.33432 7.11576
142.788 -0.14499 7.26709
142.822 0.09754 7.4607
142.862 0.407409 7.70804
142.914 0.800646 8.02182
142.978 1.29683 8.41806
143.055 1.92016 8.9167
143.156 2.67411 9.5395
143.278 3.58508 10.3148
143.421 4.71121 11.276
143.589 6.0499 12.4616
143.778 7.63735 13.909
143.987 9.43026 15.6151
144.193 11.1617 17.3189
144.387 12.8274 19.0219
144.567 14.4429 20.7249
144.738 16.0021 22.4276
144.904 17.5074 24.1295
145.062 18.9718 25.8309
145.211 20.3991 27.5323
145.35 21.7749 29.2345
145.478 23.1063 30.938
145.598 24.3951 32.6421
145.712 25.6419 34.3467
145.811 26.8572 36.0533
145.898 28.0354 37.7615
145.967 29.1841 39.4723
146.033 30.2906 41.1836
146.096 31.364 42.8952
146.138 32.3996 44.6103
146.17 33.4092 46.3269
146.203 34.3792 48.0436
146.235 35.324 49.7604
146.246 36.2266 51.4807
146.258 37.1032 53.2011
146.274 37.9461 54.9214
146.286 38.7614 56.6425
146.29 39.5402 58.3654
146.296 40.287 60.0885
146.304 41.0099 61.8118
146.309 41.6967 63.5362
146.314 42.3544 65.2611
146.318 42.9842 66.9868
146.329 43.578 68.7125
146.338 44.1416 70.4391
146.347 44.6617 72.1385
146.357 45.1408 73.784
146.372 45.5747 75.3522
146.39 45.9567 76.8237
146.403 46.2866 78.184
146.415 46.5695 79.4223
146.431 46.81 80.5326
146.449 47.0104 81.5135
146.469 47.1706 82.3679
146.486 47.3036 83.1014
146.501 47.4111 83.7226
146.513 47.491 84.2415
146.521 47.5541 84.669
146.529 47.605 85.0164
146.535 47.646 85.2949
146.544 47.6663 85.5153
146.567 47.6367 85.6875
146.603 47.5505 85.8204
146.699 47.2786 85.9215

71
154.325 -2.04882 8.5273
154.33 -1.92374 8.55052
154.335 -1.85951 8.58125
154.342 -1.79431 8.62171
154.35 -1.7183 8.67474
154.363 -1.62568 8.74363
154.377 -1.5051 8.83348
154.395 -1.34935 8.94962
154.421 -1.1498 9.0987
154.453 -0.894605 9.28963
154.494 -0.569219 9.53292
154.545 -0.15631 9.84178
154.607 0.36467 10.2316
154.684 1.01737 10.7216
154.775 1.80753 11.3345
154.884 2.77435 12.0975
155.011 3.96547 13.0427
155.157 5.38072 14.2081
155.32 7.08024 15.6406
155.494 8.91653 17.2422
155.653 10.7002 18.8437
155.795 12.4349 20.445
155.923 14.1295 22.0463
156.038 15.7735 23.6474
156.141 17.3711 25.2486
156.232 18.9334 26.8499
156.314 20.4618 28.4509
156.376 21.9469 30.0538
156.419 23.4021 31.6583
156.454 24.818 33.2629
156.478 26.1981 34.8682
156.484 27.5476 36.4753
156.472 28.855 38.0842
156.444 30.1363 39.6948
156.413 31.3676 41.3055
156.377 32.5745 42.9164
156.315 33.7364 44.5303
156.244 34.8776 46.1448
156.175 35.9739 47.7593
156.104 37.0487 49.3739
156.019 38.0813 50.9902
155.932 39.0899 52.6064
155.845 40.0668 54.223
155.756 41.0149 55.8399
155.664 41.9302 57.4572
155.573 42.8122 59.0748
155.481 43.6739 60.6926
155.395 44.5015 62.3104
155.304 45.3022 63.9287
155.209 46.0777 65.5478
155.12 46.8204 67.1668
155.036 47.5366 68.7858
154.953 48.2125 70.379
154.871 48.8431 71.9221
154.795 49.422 73.3928
154.729 49.9443 74.7729
154.671 50.4112 76.0482
154.619 50.8198 77.2094
154.571 51.1725 78.2512
154.53 51.475 79.1721
154.498 51.7238 79.9743
154.471 51.9348 80.6635
154.449 52.1109 81.2471
154.434 52.2511 81.7347
154.422 52.3647 82.1364
154.411 52.457 82.4631
154.404 52.5314 82.7252
154.404 52.5684 82.9328
154.424 52.5395 83.095
154.461 52.454 83.2203
154.546 52.2199 83.3157

71
165.903 -2.89347 10.3797
165.908 -2.77498 10.4027
165.915 -2.70978 10.433
165.921 -2.64346 10.4729
165.929 -2.56393 10.5254
165.94 -2.46701 10.5936
165.955 -2.34114 10.6821
165.973 -2.17866 10.7964
165.996 -1.96971 10.9435
166.025 -1.70267 11.1313
166.061 -1.36227 11.3708
166.107 -0.931355 11.6738
166.163 -0.38807 12.056
166.229 0.28894 12.5358
166.31 1.11228 13.1347
166.403 2.12574 13.8791
166.511 3.36828 14.7997
166.633 4.85339 15.9322
166.771 6.63699 17.3182
166.9 8.52298 18.8189
167.012 10.3623 20.3195
167.106 12.1633 21.8202
167.18 13.9318 23.3213
167.238 15.6574 24.8227
167.282 17.3461 26.3242
167.311 19.0047 27.8258
167.322 20.6335 29.3282
167.31 22.2247 30.8321
167.279 23.7912 32.3371
167.238 25.3218 33.8421
167.181 26.8193 35.3481
167.1 28.2902 36.8556
167.002 29.7166 38.3644
166.886 31.1222 39.8741
166.768 32.4713 41.3839
166.643 33.8002 42.8938
166.491 35.0817 44.4057
166.329 36.3398 45.918
166.168 37.554 47.4303
166.003 38.743 48.9426
165.831 39.8947 50.4554
165.657 41.0182 51.9683
165.479 42.1148 53.4813
165.302 43.1763 54.9944
165.124 44.2128 56.5076
164.946 45.2117 58.0209
164.766 46.1905 59.5343
164.588 47.1405 61.0478
164.413 48.0617 62.5613
164.237 48.9584 64.0748
164.059 49.8286 65.5887
163.886 50.6693 67.1025
163.72 51.4714 68.5919
163.561 52.2271 70.0341
163.408 52.9251 71.409
163.267 53.5589 72.6994
163.14 54.1306 73.8922
163.027 54.6373 74.9781
162.928 55.0812 75.9523
162.841 55.466 76.8137
162.767 55.7864 77.5646
162.702 56.0602 78.2098
162.648 56.2891 78.7565
162.604 56.4742 79.2134
162.569 56.6264 79.59
162.539 56.75 79.8964
162.517 56.8464 80.1424
162.51 56.8901 80.3372
162.528 56.8638 80.4896
162.562 56.7832 80.6073
162.633 56.5884 80.6971

71
177.429 -3.17161 12.3443
177.433 -3.06037 12.3661
177.438 -2.99567 12.3949
177.443 -2.93071 12.4328
177.45 -2.8528 12.4823
177.459 -2.75545 12.5469
177.471 -2.62901 12.6306
177.486 -2.46562 12.7388
177.505 -2.25587 12.8777
177.53 -1.98763 13.0553
177.559 -1.64629 13.2814
177.596 -1.21368 13.5679
177.641 -0.668208 13.929
177.696 0.01099 14.382
177.761 0.842367 14.9476
177.835 1.86933 15.6503
177.92 3.12688 16.5192
178.012 4.6439 17.5882
178.109 6.47132 18.8962
178.195 8.40568 20.3071
178.261 10.3016 21.718
178.304 12.1643 23.1295
178.327 13.9979 24.5414
178.332 15.7956 25.9535
178.322 17.5611 27.3657
178.295 19.2998 28.7781
178.234 21.0143 30.1925
178.155 22.694 31.6075
178.059 24.3505 33.0228
177.953 25.9752 34.4382
177.826 27.5701 35.8543
177.664 29.1426 37.2722
177.489 30.6732 38.6904
177.298 32.183 40.109
177.1 33.6445 41.5277
176.893 35.0812 42.9466
176.664 36.4727 44.3662
176.425 37.8336 45.786
176.183 39.1539 47.2059
175.938 40.4435 48.6257
175.687 41.7018 50.0457
175.435 42.9272 51.4656
175.178 44.1287 52.8857
174.921 45.2918 54.3057
174.663 46.4337 55.7258
174.407 47.5387 57.1458
174.151 48.6216 58.5658
173.894 49.6799 59.9858
173.639 50.7072 61.4058
173.385 51.7116 62.8258
173.133 52.6921 64.2458
172.883 53.6434 65.6658
172.639 54.5549 67.063
172.404 55.4179 68.4158
172.183 56.2202 69.7053
171.978 56.9529 70.9157
171.789 57.6161 72.0345
171.619 58.2072 73.0533
171.469 58.7274 73.9673
171.336 59.1801 74.7755
171.223 59.5642 75.48
171.126 59.8919 76.0854
171.045 60.1664 76.5984
170.978 60.3915 77.0272
170.922 60.5755 77.3808
170.877 60.725 77.6685
170.842 60.8405 77.8994
170.829 60.8929 78.0825
170.839 60.873 78.2257
170.87 60.7944 78.3363
170.931 60.6301 78.4205

71
188.867 -2.97457 14.228
188.871 -2.87003 14.2485
188.874 -2.8087 14.2757
188.878 -2.74543 14.3114
188.883 -2.66929 14.3582
188.892 -2.57158 14.419
188.901 -2.4447 14.4981
188.912 -2.28078 14.6002
188.927 -2.07028 14.7313
188.946 -1.80102 14.899
188.97 -1.45818 15.1126
188.998 -1.02388 15.3832
189.033 -0.476139 15.7243
189.073 0.20623 16.1524
189.12 1.04547 16.6871
189.171 2.08377 17.3516
189.229 3.35635 18.1731
189.289 4.89756 19.1839
189.346 6.76235 20.4237
189.387 8.72366 21.7494
189.404 10.6552 23.0756
189.394 12.5551 24.4026
189.365 14.4271 25.7297
189.321 16.2682 27.0567
189.26 18.0813 28.3839
189.178 19.8711 29.7116
189.053 21.6385 31.041
188.915 23.374 32.3705
188.763 25.0879 33.7
188.601 26.7758 35.0294
188.416 28.4375 36.3592
188.182 30.0801 37.6902
187.938 31.6868 39.0213
187.682 33.2729 40.3524
187.417 34.8217 41.6835
187.141 36.3442 43.0147
186.846 37.8272 44.3458
186.538 39.2763 45.677
186.227 40.6896 47.0082
185.912 42.0686 48.3394
185.593 43.4197 49.6706
185.271 44.7344 51.0018
184.946 46.0254 52.3329
184.621 47.2788 53.6641
184.293 48.5093 54.9953
183.967 49.7085 56.3265
183.643 50.882 57.6577
183.318 52.034 58.9889
182.995 53.1543 60.3201
182.672 54.2499 61.6514
182.35 55.3225 62.9826
182.031 56.37 64.3138
181.722 57.3748 65.6235
181.423 58.3285 66.8917
181.137 59.2186 68.1005
180.873 60.0353 69.2351
180.63 60.7763 70.2837
180.411 61.4387 71.2385
180.217 62.0228 72.0951
180.046 62.5317 72.8524
179.899 62.9663 73.5125
179.772 63.3376 74.0797
179.665 63.6492 74.5602
179.576 63.9049 74.9619
179.503 64.1153 75.293
179.444 64.2869 75.5624
179.397 64.421 75.7787
179.377 64.4812 75.95
179.385 64.4617 76.0841
179.412 64.3909 76.1876
179.463 64.2486 76.266

71
200.215 -2.54899 15.9923
200.218 -2.45297 16.0116
200.221 -2.39787 16.0371
200.224 -2.33691 16.0707
200.227 -2.2617 16.1147
200.232 -2.16415 16.1721
200.238 -2.03731 16.2465
200.246 -1.87337 16.3428
200.257 -1.66284 16.4664
200.269 -1.39316 16.6247
200.284 -1.04984 16.8264
200.303 -0.614839 17.0819
200.325 -0.06577 17.4044
200.351 0.618499 17.8091
200.38 1.46211 18.3147
200.412 2.50793 18.9433
200.443 3.79146 19.721
200.47 5.35199 20.6784
200.489 7.24202 21.8517
200.482 9.22164 23.0966
200.443 11.1784 24.3422
200.388 13.1046 25.5878
200.316 15.0044 26.8334
200.228 16.8785 28.079
200.115 18.7294 29.325
199.966 20.5605 30.5717
199.793 22.3693 31.8186
199.606 24.1504 33.0655
199.406 25.911 34.3125
199.182 27.6493 35.5595
198.94 29.3635 36.8066
198.652 31.0589 38.0533
198.354 32.7244 39.3001
198.045 34.3687 40.5468
197.724 35.9833 41.7935
197.389 37.5721 43.04
197.038 39.1311 44.2861
196.671 40.6588 45.532
196.299 42.1569 46.7779
195.923 43.6202 48.0238
195.542 45.0555 49.2697
195.16 46.452 50.5157
194.777 47.8218 51.7617
194.393 49.1568 53.0078
194.005 50.4655 54.2539
193.616 51.7472 55.5001
193.23 53.0015 56.7464
192.845 54.2351 57.9928
192.463 55.4388 59.2393
192.081 56.6158 60.4859
191.697 57.7695 61.7324
191.316 58.8979 62.979
190.946 59.9845 64.2055
190.591 61.0188 65.3932
190.252 61.9865 66.5251
189.935 62.8758 67.5873
189.644 63.6825 68.5689
189.38 64.4042 69.4625
189.144 65.0427 70.2639
188.94 65.6002 70.9724
188.764 66.0786 71.5897
188.612 66.4877 72.12
188.483 66.8307 72.5691
188.377 67.1134 72.9443
188.288 67.3458 73.2535
188.216 67.5349 73.5049
188.16 67.6832 73.7067
188.135 67.7479 73.8665
188.138 67.732 73.9914
188.157 67.6706 74.0878
188.203 67.5434 74.161

71
211.471 -1.84734 17.8103
211.473 -1.76227 17.8283
211.474 -1.70862 17.8522
211.476 -1.64741 17.8836
211.478 -1.57143 17.9249
211.481 -1.4738 17.9787
211.484 -1.34703 18.0487
211.488 -1.18311 18.1392
211.495 -0.972087 18.2556
211.501 -0.701669 18.4048
211.51 -0.35705 18.595
211.521 0.08011 18.8363
211.532 0.632169 19.141
211.544 1.32124 19.5238
211.557 2.17408 20.0026
211.567 3.23258 20.5983
211.574 4.53412 21.336
211.57 6.12294 22.2449
211.534 8.03926 23.3507
211.471 10.0422 24.519
211.39 12.024 25.6873
211.292 13.9799 26.8556
211.177 15.9118 28.0239
211.035 17.821 29.1923
210.863 19.7088 30.3608
210.659 21.5767 31.5291
210.44 23.4256 32.6974
210.207 25.2503 33.8657
209.961 27.0537 35.0341
209.679 28.8357 36.2016
209.374 30.5928 37.3689
209.04 32.3304 38.5351
208.693 34.0439 39.7013
208.336 35.7348 40.8675
207.966 37.4034 42.0335
207.577 39.0465 43.199
207.175 40.6669 44.3641
206.758 42.2606 45.5286
206.332 43.8304 46.6932
205.901 45.3684 47.8577
205.465 46.878 49.0224
205.03 48.349 50.1873
204.594 49.786 51.3524
204.157 51.1935 52.5177
203.717 52.5704 53.683
203.274 53.9227 54.8483
202.831 55.2447 56.0137
202.391 56.5447 57.1796
201.957 57.8195 58.346
201.524 59.0655 59.5125
201.09 60.2867 60.6789
200.653 61.4825 61.8453
200.225 62.6338 62.9928
199.822 63.7318 64.1043
199.437 64.7606 65.1635
199.078 65.708 66.1571
198.746 66.5688 67.075
198.445 67.3395 67.9103
198.174 68.0215 68.6591
197.937 68.6161 69.3207
197.729 69.1273 69.8967
197.555 69.5668 70.3913
197.408 69.9354 70.81
197.287 70.2387 71.1595
197.188 70.488 71.4474
197.105 70.6909 71.6812
197.041 70.8483 71.8686
197.011 70.9192 72.0169
197.011 70.9081 72.1328
197.026 70.8544 72.2221
197.065 70.737 72.29

71
222.631 -0.825068 19.7077
222.632 -0.749269 19.7244
222.633 -0.694189 19.7466
222.633 -0.632439 19.776
222.635 -0.557519 19.8144
222.636 -0.4596 19.8648
222.637 -0.33206 19.9304
222.639 -0.16692 20.0153
222.64 0.0461 20.1248
222.642 0.31952 20.2654
222.644 0.668329 20.4449
222.646 1.11187 20.673
222.646 1.67251 20.9615
222.645 2.3741 21.3246
222.64 3.2454 21.7794
222.632 4.32897 22.3461
222.599 5.66695 23.049
222.541 7.30761 23.9162
222.455 9.30714 24.9835
222.348 11.3399 26.0801
222.224 13.3523 27.1767
222.083 15.3433 28.2733
221.912 17.313 29.3696
221.706 19.2613 30.4652
221.472 21.1866 31.5603
221.224 23.0921 32.6555
220.96 24.9808 33.7506
220.68 26.8474 34.8456
220.38 28.6895 35.9402
220.043 30.5092 37.0329
219.675 32.3033 38.1239
219.296 34.0766 39.215
218.904 35.831 40.3061
218.501 37.5632 41.3971
218.084 39.2775 42.488
217.644 40.9673 43.5773
217.193 42.6361 44.6665
216.729 44.2816 45.7552
216.257 45.9033 46.8439
215.778 47.4973 47.9327
215.296 49.0583 49.0217
214.811 50.591 50.111
214.327 52.0894 51.2009
213.843 53.5592 52.2912
213.356 54.9942 53.3814
212.865 56.4023 54.4716
212.373 57.7771 55.5619
211.886 59.124 56.6528
211.408 60.4509 57.745
210.932 61.7465 58.8373
210.455 63.0132 59.9296
209.977 64.2545 61.0219
209.508 65.4478 62.0964
209.053 66.5821 63.1362
208.634 67.6449 64.128
208.243 68.6241 65.058
207.882 69.5135 65.9166
207.554 70.3091 66.6973
207.262 71.0139 67.3968
207.003 71.6265 68.0141
206.778 72.1537 68.5511
206.585 72.604 69.0115
206.423 72.9807 69.4008
206.289 73.2904 69.7254
206.178 73.5447 69.9922
206.09 73.7527 70.2089
206.022 73.9152 70.3824
205.986 73.9867 70.5193
205.983 73.9804 70.6262
205.994 73.932 70.7084
206.03 73.8204 70.7708

71
233.693 0.31688 21.5309
233.693 0.38995 21.5464
233.692 0.44119 21.5669
233.692 0.50162 21.5941
233.69 0.576329 21.6299
233.689 0.674769 21.6769
233.689 0.803028 21.7382
233.688 0.969377 21.8178
233.685 1.18449 21.9206
233.682 1.46129 22.053
233.678 1.81548 22.2224
233.672 2.26679 22.4382
233.658 2.83929 22.7117
233.634 3.55802 23.0565
233.601 4.45462 23.4892
233.554 5.57208 24.0297
233.49 6.95335 24.7014
233.399 8.65255 25.5319
233.271 10.7081 26.546
233.125 12.7736 27.5751
232.961 14.8203 28.6042
232.76 16.8481 29.6321
232.522 18.8547 30.6587
232.262 20.8416 31.6847
231.986 22.8081 32.7107
231.696 24.7538 33.7368
231.391 26.6825 34.7628
231.069 28.593 35.7885
230.697 30.4736 36.8101
230.307 32.3323 37.8311
229.898 34.1716 38.8512
229.476 35.9889 39.8713
229.041 37.7886 40.8913
228.595 39.5683 41.9112
228.137 41.3302 42.9312
227.651 43.069 43.9484
227.154 44.7849 44.9655
226.647 46.4827 45.9825
226.132 48.1529 46.9996
225.608 49.8046 48.0168
225.079 51.4276 49.0342
224.55 53.0245 50.0526
224.02 54.5882 51.0715
223.492 56.1198 52.0912
222.962 57.6105 53.1109
222.432 59.0594 54.1304
221.9 60.4736 55.1501
221.374 61.8501 56.1703
220.856 63.2045 57.192
220.344 64.5302 58.2146
219.835 65.8216 59.2374
219.325 67.0842 60.2601
218.825 68.2971 61.2659
218.342 69.4457 62.2392
217.885 70.5146 63.1658
217.472 71.4999 64.0357
217.093 72.3944 64.8383
216.751 73.1917 65.5674
216.443 73.8982 66.2198
216.176 74.5068 66.795
215.943 75.0286 67.2945
215.743 75.4748 67.7222
215.576 75.8455 68.0831
215.438 76.15 68.3836
215.324 76.3999 68.6301
215.231 76.6017 68.8296
215.158 76.7591 68.989
215.122 76.8256 69.1147
215.113 76.8211 69.2124
215.121 76.7764 69.2875
215.154 76.6673 69.3443

71
244.635 1.23843 23.2226
244.634 1.31011 23.2367
244.633 1.35852 23.2556
244.631 1.41818 23.2806
244.629 1.49294 23.3137
244.624 1.59096 23.357
244.62 1.71969 23.4139
244.614 1.88734 23.488
244.604 2.10458 23.5839
244.593 2.38457 23.7076
244.578 2.74376 23.8663
244.557 3.20208 24.0688
244.531 3.78435 24.3261
244.496 4.51545 24.6511
244.448 5.42962 25.0597
244.383 6.57238 25.5707
244.295 7.98627 26.2065
244.176 9.72958 26.9929
244.013 11.8469 27.9562
243.832 13.9484 28.9197
243.609 16.0323 29.8807
243.346 18.0997 30.8394
243.067 20.1494 31.7982
242.772 22.1823 32.757
242.461 24.1984 33.7156
242.134 26.1953 34.6744
241.784 28.1722 35.6318
241.408 30.1333 36.5878
240.992 32.0698 37.5394
240.559 33.9803 38.4904
240.111 35.8767 39.4411
239.65 37.7553 40.3919
239.178 39.6145 41.3429
238.69 41.458 42.2932
238.189 43.2735 43.243
237.667 45.0714 44.1911
237.132 46.8464 45.1387
236.586 48.6117 46.0863
236.028 50.3645 47.034
235.457 52.1051 47.9815
234.88 53.8193 48.9292
234.307 55.4959 49.8787
233.732 57.1389 50.8286
233.16 58.7398 51.7797
232.589 60.2968 52.7308
232.022 61.7962 53.6822
231.455 63.2497 54.6333
230.894 64.6487 55.5846
230.339 66.0082 56.5366
229.801 67.3419 57.4915
229.271 68.6307 58.4469
228.745 69.8808 59.4024
228.23 71.0784 60.3419
227.736 72.2021 61.2505
227.27 73.2413 62.1149
226.835 74.1912 62.9241
226.446 75.0541 63.6713
226.101 75.8237 64.3502
225.794 76.504 64.9568
225.527 77.0837 65.4905
225.297 77.5816 65.9535
225.098 78.0052 66.3489
224.933 78.3552 66.6819
224.798 78.6411 66.9586
224.686 78.8752 67.1849
224.596 79.0642 67.3677
224.527 79.2069 67.5134
224.491 79.2659 67.6277
224.482 79.2596 67.7165
224.489 79.2163 67.7845
224.518 79.1098 67.8354

71
255.452 1.74437 24.8523
255.45 1.81074 24.8651
255.448 1.85853 24.8822
255.446 1.91858 24.9051
255.442 1.99356 24.9353
255.438 2.09223 24.9751
255.431 2.22163 25.0275
255.423 2.39062 25.0957
255.412 2.61007 25.1844
255.397 2.89387 25.299
255.377 3.25892 25.4465
255.352 3.7261 25.6352
255.318 4.32069 25.8755
255.273 5.06912 26.1798
255.214 6.00985 26.5635
255.135 7.18835 27.0444
255.028 8.65214 27.6441
254.886 10.4462 28.3806
254.698 12.5955 29.268
254.45 14.7195 30.1499
254.179 16.8283 31.0309
253.892 18.9253 31.912
253.589 21.0093 32.7931
253.27 23.0807 33.6743
252.935 25.1387 34.5556
252.583 27.183 35.4365
252.206 29.2075 36.3157
251.777 31.195 37.1873
251.334 33.17 38.0591
250.877 35.1286 38.9309
250.405 37.0707 39.8024
249.918 39.0067 40.6739
249.423 40.9052 41.5456
248.911 42.7945 42.4166
248.382 44.6621 43.2865
247.837 46.5126 44.1555
247.277 48.347 45.0237
246.706 50.1647 45.8918
246.122 51.97 46.7599
245.529 53.7525 47.628
244.925 55.5225 48.4962
244.317 57.2739 49.3657
243.699 59.018 50.2358
243.085 60.7419 51.1085
242.467 62.4258 51.9812
241.854 64.0436 52.8539
241.245 65.6016 53.7266
240.639 67.1072 54.5993
240.044 68.5392 55.4723
239.464 69.9121 56.3465
238.899 71.236 57.2227
238.355 72.499 58.1009
237.827 73.6942 58.9642
237.329 74.7973 59.799
236.857 75.8165 60.5925
236.42 76.7394 61.3348
236.022 77.5677 62.0182
235.664 78.2978 62.6376
235.35 78.9361 63.1907
235.087 79.4813 63.6782
234.862 79.949 64.1007
234.671 80.3444 64.4611
234.513 80.6659 64.7639
234.383 80.9304 65.015
234.277 81.1458 65.22
234.191 81.319 65.3852
234.128 81.4389 65.5164
234.099 81.4754 65.6192
234.092 81.4604 65.6988
234.098 81.4157 65.7596
234.125 81.3189 65.8053

