 15   
71
116.324102	35.36810781	126.026800   
116.3819824	35.19044872	126.059290 
116.4076833	35.12057468	126.101470 
116.4403982	35.03146944	126.155250 
116.4817861	34.91840881	126.223480 
116.5338529	34.77570144	126.309560 
116.598954	34.59647222	126.417630 
116.6796239	34.37331652	126.552590 
116.7736677	34.11420511	126.720250 
116.8890502	33.79379869	126.927440 
117.0304383	33.3975223	127.182080 
117.1912671	32.94955438	127.493380 
117.3669686	32.46895406	127.871880 
117.5671499	31.91843787	128.329790 
117.7936754	31.29749394	128.880590 
118.0558199	30.57073407	129.539550 
118.3556459	29.72723693	130.323650 
118.6933658	28.77588781	131.251180 
119.078875	27.695965	132.351120 
119.4443634	26.66219859	133.459980 
119.7904967	25.66867043	134.568930 
120.1106364	24.75614166	135.677920 
120.4195197	23.8638003	136.786850 
120.7108924	23.04193709	137.895430 
120.9958823	22.27069114	139.002940 
121.267965	21.53536153	140.110580 
121.5294087	20.83700685	141.218150 
121.7775162	20.18968134	142.325770 
122.0186623	19.5650874	143.433340 
122.2537354	18.97652046	144.540540 
122.486539	18.43585594	145.646680 
122.7173227	17.90629264	146.752540 
122.9383263	17.41932853	147.858560 
123.1543636	16.95686376	148.964510 
123.3662445	16.516321	150.070360 
123.5743074	16.09871315	151.176080 
123.7865528	15.71441199	152.280400 
123.9970969	15.35164879	153.384390 
124.2041714	15.00692699	154.488380 
124.4072914	14.69131355	155.592300 
124.6061585	14.39790501	156.696330 
124.8035378	14.11705583	157.800260 
125.0020388	13.89265244	158.902950 
125.2016543	13.68266167	160.005150 
125.3977084	13.50100142	161.107360 
125.5891548	13.35834704	162.209600 
125.7770894	13.24613254	163.311850 
125.9624122	13.1566701	164.414120 
126.1435909	13.10403033	165.516420 
126.3178735	13.0840409	166.605300 
126.4849809	13.09182072	167.667570 
126.6422138	13.14008174	168.691320 
126.7879085	13.21758071	169.666340 
126.9233792	13.30216417	170.583960 
127.0417297	13.42027232	171.437970 
127.1495403	13.53171458	172.223230 
127.2390894	13.65900101	172.937800 
127.3193006	13.77463959	173.579990 
127.3876449	13.89718297	174.150800 
127.4476284	14.00489028	174.652490 
127.4990218	14.11168069	175.088510 
127.5429735	14.20706903	175.463460 
127.5803146	14.28823557	175.782470 
127.6106497	14.3616821	176.051090 
127.6358247	14.42319731	176.274870 
127.6565618	14.47391605	176.459370 
127.6734711	14.51530057	176.609930 
127.686594	14.55227023	176.731560 
127.6949255	14.59646979	176.828890 
127.7003423	14.64147107	176.905960 
127.6924048	14.79409553	176.966100 

71
125.0717631	36.41966029	125.566800 
125.1245492	36.25183645	125.596870 
125.14557	36.19299169	125.636060 
125.1724666	36.11761153	125.686250 
125.2066704	36.02150847	125.750230 
125.2499262	35.89964326	125.831330 
125.3043022	35.74592863	125.933590 
125.3722199	35.55305061	126.061870 
125.4547173	35.31830296	126.221920 
125.5546657	35.03279918	126.420550 
125.6722021	34.69768921	126.665710 
125.8085249	34.31018458	126.966660 
125.9629662	33.87649496	127.334050 
126.1451229	33.36148968	127.780120 
126.3572547	32.75816348	128.318730 
126.5950943	32.08714687	128.965400 
126.8705552	31.29486095	129.737680 
127.1803734	30.39555685	130.654720 
127.5357336	29.37377268	131.741990 
127.8863608	28.36881564	132.873420 
128.2184071	27.40834528	134.004890 
128.5317875	26.499544	135.136370 
128.8283623	25.63867809	136.267880 
129.1108324	24.8217882	137.399310 
129.3849481	24.05707146	138.529990 
129.6493139	23.34037396	139.660240 
129.9028051	22.65453693	140.790620 
130.1447985	22.00882662	141.921080 
130.3779504	21.40526862	143.051370 
130.6046907	20.82582885	144.181590 
130.8307718	20.28524036	145.310850 
131.0527606	19.77384628	146.439760 
131.2685642	19.29451871	147.568580 
131.4785963	18.83174787	148.697580 
131.6821589	18.40957741	149.826460 
131.8820067	18.00717482	150.955270 
132.0855362	17.62896852	152.083000 
132.2891485	17.26998047	153.210230 
132.4873436	16.94624297	154.337430 
132.6827352	16.64231603	155.464560 
132.8745703	16.36144566	156.591680 
133.0617494	16.10963921	157.718850 
133.253264	15.88591179	158.844860 
133.4424594	15.6882128	159.970710 
133.6298108	15.52215091	161.096240 
133.8116512	15.39171404	162.221940 
133.9899839	15.28950496	163.347650 
134.1658736	15.20708675	164.473380 
134.3368523	15.16611719	165.599140 
134.5021752	15.15227217	166.710730 
134.6606066	15.16374465	167.794560 
134.8091843	15.21451572	168.838220 
134.9463731	15.29282596	169.831150 
135.0733506	15.37836176	170.764430 
135.1827297	15.48787946	171.631840 
135.2818671	15.59317196	172.427990 
135.364575	15.71769084	173.150680 
135.4383809	15.83132747	173.798710 
135.5019849	15.94506864	174.373210 
135.557673	16.04477309	174.876790 
135.6041275	16.14478291	175.313330 
135.6436546	16.23245843	175.687570 
135.6770763	16.30716706	176.004930 
135.70417	16.37633753	176.271180 
135.7266353	16.43372681	176.492160 
135.7450667	16.48085579	176.673640 
135.7600337	16.51916541	176.821130 
135.7713638	16.55624075	176.939750 
135.7789897	16.59807768	177.034170 
135.7844	16.6434258	177.108440 
135.7736041	16.78799862	177.166600 

71
133.8187977	37.47826703	125.174600 
133.8640484	37.3249953	125.202390 
133.8852162	37.26272181	125.238850 
133.9080782	37.19651288	125.286280 
133.9375722	37.11092325	125.347580 
133.9754151	37.00086472	125.426390 
134.0236588	36.86010356	125.527160 
134.0847896	36.68105347	125.655300 
134.1610133	36.4567262	125.817370 
134.2535423	36.18303432	126.021240 
134.3646976	35.85545854	126.276220 
134.4875481	35.50511245	126.593290 
134.6362616	35.07798355	126.985450 
134.815293	34.5580457	127.467800 
135.0278279	33.93377694	128.057690 
135.2713978	33.2192742	128.774930 
135.5516193	32.38994799	129.642080 
135.8757693	31.4285964	130.684780 
136.2087601	30.44512331	131.806600 
136.5273533	29.50810596	132.928090 
136.8283737	28.61690276	134.049670 
137.1140253	27.77451886	135.171170 
137.3863659	26.97295201	136.292630 
137.6449869	26.2139149	137.414140 
137.8993805	25.49438873	138.534880 
138.1437944	24.81607844	139.655470 
138.3774912	24.18455608	140.775940 
138.6032125	23.57898532	141.896460 
138.8209082	23.00476046	143.016970 
139.0309173	22.46123136	144.137490 
139.2407743	21.95306343	145.257170 
139.4467323	21.4707739	146.376600 
139.647759	21.01442212	147.495940 
139.8444292	20.58432244	148.615150 
140.0349144	20.17851628	149.734500 
140.2207988	19.79816108	150.853810 
140.4098204	19.43938502	151.972260 
140.5982955	19.10666115	153.090210 
140.7844527	18.79653752	154.207960 
140.9658921	18.50556508	155.325890 
141.1425798	18.24384953	156.443860 
141.3167472	18.01126756	157.561600 
141.492197	17.80216662	158.678740 
141.6686524	17.61239302	159.795370 
141.8414099	17.45794555	160.911880 
142.009444	17.33237737	162.028520 
142.1745028	17.23364537	163.145110 
142.3381553	17.15480843	164.261540 
142.494962	17.11710738	165.378230 
142.6487615	17.1000359	166.494980 
142.7978411	17.10221462	167.596090 
142.9375892	17.1530034	168.666600 
143.0691964	17.22157954	169.693240 
143.1909586	17.30887293	170.664530 
143.2968753	17.41146138	171.571900 
143.392371	17.51148583	172.407990 
143.4718025	17.63243835	173.168710 
143.5423598	17.7437974	173.851650 
143.6027903	17.85578643	174.457010 
143.6555346	17.95433492	174.986880 
143.7004415	18.04990434	175.444890 
143.7385654	18.13440926	175.836000 
143.7706504	18.20600681	176.165990 
143.7958231	18.27416319	176.441170 
143.816529	18.33031902	176.667890 
143.8333867	18.37604368	176.852530 
143.8469466	18.4128564	177.001160 
143.856732	18.45049873	177.119450 
143.8630928	18.49110343	177.212530 
143.8669401	18.53673392	177.284850 
143.8551055	18.67509582	177.340700 

71
142.5360477	38.64515776	124.858200 
142.5743654	38.50934243	124.883620 
142.5944216	38.44768873	124.917330 
142.6145111	38.38695645	124.961910 
142.6408452	38.30722723	125.020430 
142.6751523	38.20311367	125.096830 
142.7195821	38.06792697	125.196010 
142.7767303	37.89335285	125.324040 
142.8495574	37.67011179	125.488390 
142.9384383	37.40035441	125.698130 
143.0484585	37.06508772	125.964320 
143.1714675	36.69479264	126.300290 
143.3199473	36.2525285	126.721690 
143.4993125	35.71693401	127.247280 
143.7145214	35.06479113	127.899120 
143.9656656	34.30172617	128.702660 
144.2580385	33.41130912	129.687420 
144.5730639	32.44638199	130.798180 
144.8736564	31.53628359	131.908550 
145.164867	30.65645579	133.018640 
145.4382534	29.83054911	134.128820 
145.698604	29.04567671	135.238970 
145.9497771	28.28655393	136.349090 
146.1880565	27.57446471	137.459180 
146.4207964	26.90268198	138.568740 
146.647552	26.26820479	139.677930 
146.8638215	25.66416272	140.787320 
147.073111	25.08933211	141.896650 
147.2742772	24.54788751	143.005980 
147.4686192	24.03537286	144.115310 
147.6644273	23.54859868	145.223890 
147.8569592	23.08703344	146.332210 
148.0429878	22.65617488	147.440560 
148.2244802	22.24822967	148.548870 
148.4012931	21.85877895	149.657260 
148.5753475	21.48731635	150.765550 
148.7483251	21.15161097	151.873280 
148.9235123	20.83658924	152.980350 
149.094587	20.54174147	154.087480 
149.262322	20.26264781	155.194680 
149.4257424	20.01975158	156.301740 
149.5862564	19.79976501	157.408740 
149.7462341	19.60300249	158.515390 
149.9076373	19.4254521	159.621540 
150.0652735	19.28002535	160.727610 
150.2202664	19.16128043	161.833560 
150.3729401	19.06120051	162.939490 
150.5200594	18.99324363	164.045600 
150.6638589	18.95098836	165.151710 
150.8046053	18.93223581	166.257830 
150.9414001	18.9415521	167.364010 
151.0723232	18.97933344	168.452850 
151.196539	19.03731239	169.508070 
151.3111487	19.12895887	170.515070 
151.4134653	19.22756698	171.462190 
151.5030806	19.33069426	172.339870 
151.580277	19.44501541	173.141190 
151.6475578	19.55717832	173.862210 
151.7052524	19.66924635	174.501750 
151.7551164	19.77074798	175.061100 
151.7976598	19.86547387	175.543530 
151.8335957	19.94968757	175.953990 
151.8637394	20.02037739	176.298570 
151.8867271	20.09042358	176.584070 
151.905498	20.14778266	176.817510 
151.9206267	20.19407267	177.005920 
151.9326746	20.23098052	177.156060 
151.940504	20.26995595	177.274240 
151.9449266	20.31019637	177.366110 
151.9473052	20.35718429	177.436470 
151.9355965	20.49150124	177.489800 

71
151.2770303	39.77697154	124.812200 
151.3093455	39.65899667	124.835020 
151.3279365	39.59819209	124.865960 
151.3459486	39.54132136	124.907560 
151.3699574	39.46536866	124.963090 
151.4017787	39.36454056	125.036820 
151.4436698	39.23143007	125.134120 
151.4984606	39.05670193	125.261820 
151.5696206	38.82865818	125.428410 
151.6583125	38.54704889	125.644440 
151.7695222	38.19297643	125.923000 
151.8963745	37.79620544	126.280070 
152.0448291	37.33620525	126.735060 
152.2261409	36.77388542	127.311320 
152.446552	36.08215444	128.036840 
152.7087078	35.25623188	128.954750 
153.0068947	34.3117189	130.050040 
153.291052	33.41723247	131.145090 
153.5650222	32.56379526	132.239820 
153.8277991	31.74702766	133.334420 
154.0788799	30.96451075	134.429030 
154.3158807	30.22887099	135.523690 
154.5453739	29.51428859	136.618320 
154.7639406	28.85041556	137.712780 
154.9784162	28.21825331	138.806840 
155.1860707	27.6165716	139.900770 
155.3852639	27.04411363	140.994780 
155.5782511	26.502815	142.088660 
155.7627115	25.99276727	143.182660 
155.9422659	25.50397737	144.276620 
156.1232087	25.04206362	145.369900 
156.3000709	24.60237935	146.463100 
156.4699219	24.1971437	147.556330 
156.6367878	23.8073044	148.649510 
156.8003529	23.43547413	149.742650 
156.9610777	23.07658017	150.835780 
157.119964	22.7576718	151.928430 
157.2798862	22.45520626	153.020660 
157.4365104	22.17284946	154.112880 
157.590583	21.90717222	155.205050 
157.7393987	21.67523769	156.297240 
157.8845628	21.46681308	157.389430 
158.0302145	21.27852612	158.481250 
158.1788665	21.1136806	159.572360 
158.322008	20.97217175	160.663710 
158.4614926	20.86529428	161.754950 
158.5981945	20.77384195	162.846270 
158.7314106	20.70963946	163.937570 
158.8617776	20.66501664	165.028890 
158.9862109	20.65458292	166.120380 
159.1085206	20.67018106	167.211740 
159.2284563	20.70404556	168.303090 
159.3423754	20.7617167	169.375330 
159.4472616	20.85562513	170.410530 
159.5434082	20.95879335	171.393140 
159.6253005	21.07427872	172.310670 
159.6979912	21.19033336	173.152940 
159.7605417	21.30768963	173.913680 
159.8144398	21.42582261	174.589690 
159.8604603	21.53813132	175.181020 
159.8997689	21.63741278	175.690310 
159.9328667	21.72355121	176.122280 
159.9604821	21.7955587	176.483190 
159.9817569	21.86404935	176.780310 
159.9990035	21.9196124	177.021350 
160.0127748	21.96404331	177.214090 
160.0236293	21.99906766	177.366040 
160.0307789	22.03485084	177.484170 
160.0357621	22.06549915	177.574750 
160.0374651	22.10421826	177.643220 
160.0264001	22.21940324	177.694300 

71
160.0270199	40.89000969	124.911300 
160.0545826	40.78320347	124.931730 
160.0715881	40.72784474	124.959380 
160.0873233	40.67610422	124.996800 
160.1080051	40.60792399	125.047030 
160.1355357	40.51696	125.114060 
160.1719968	40.39622262	125.202980 
160.2199494	40.23694831	125.320290 
160.282593	40.02797237	125.474140 
160.3623404	39.76278587	125.674730 
160.46421	39.42308479	125.934760 
160.5790205	39.04737011	126.269890 
160.7150087	38.60504414	126.699270 
160.8764581	38.08346698	127.246100 
161.0765859	37.43525612	127.938290 
161.3137135	36.65972114	128.809410 
161.5941014	35.73658075	129.905860 
161.8656403	34.84909374	131.006670 
162.1269509	34.00594521	132.107180 
162.3775732	33.19566285	133.207630 
162.6162255	32.42437638	134.308070 
162.8420879	31.69768892	135.408520 
163.0590448	30.99976608	136.508970 
163.2669641	30.34214408	137.609290 
163.4705234	29.71662093	138.709280 
163.6682853	29.11657595	139.809170 
163.8560668	28.55866798	140.909080 
164.0371035	28.02715305	142.009010 
164.21286	27.52408833	143.108820 
164.3828704	27.04187513	144.208690 
164.5511084	26.58919534	145.308180 
164.717	26.1587826	146.407460 
164.876968	25.7580762	147.506740 
165.0337214	25.37394015	148.605990 
165.1862355	25.00909421	149.705260 
165.3347118	24.66549013	150.804540 
165.4842976	24.3488949	151.903290 
165.6322977	24.05372859	153.001840 
165.7777787	23.77686066	154.100320 
165.9196899	23.52754387	155.198730 
166.0567136	23.30303319	156.297220 
166.1908163	23.10494094	157.395610 
166.3245774	22.9219694	158.493810 
166.4579532	22.7690094	159.591620 
166.5901049	22.6380555	160.689230 
166.7162938	22.54026167	161.786980 
166.8403788	22.45812637	162.884720 
166.9612271	22.40240723	163.982420 
167.078737	22.36635821	165.080200 
167.1911004	22.36861635	166.177970 
167.2994833	22.39428512	167.275830 
167.4054083	22.43761591	168.373690 
167.5067713	22.50383941	169.451850 
167.5993767	22.6066965	170.492050 
167.6834098	22.71899509	171.478460 
167.7532828	22.84190736	172.398370 
167.8158351	22.96355505	173.241430 
167.8705454	23.08340273	174.001360 
167.9161329	23.20568967	174.675310 
167.9542829	23.32113425	175.263490 
167.9871317	23.42166694	175.768710 
168.014965	23.50750911	176.195980 
168.0380122	23.57983237	176.551860 
168.0559085	23.64779947	176.843820 
168.0703462	23.70273726	177.079830 
168.0818424	23.74649965	177.267830 
168.0908626	23.78085084	177.415450 
168.0957391	23.8166728	177.529800 
168.0989585	23.84618457	177.617100 
168.1009745	23.88406166	177.682620 
168.0881002	23.99630198	177.731500 

71
168.7514691	42.01968807	124.834100 
168.7773319	41.9207478	124.851970 
168.7906055	41.87150712	124.876440 
168.8046072	41.82429725	124.909620 
168.8220394	41.7649131	124.954420 
168.8454021	41.68521807	125.014540 
168.8765152	41.57886561	125.094760 
168.9176743	41.43774491	125.201180 
168.9717984	41.25153892	125.341570 
169.0415489	41.01065027	125.525690 
169.1293739	40.7063809	125.765780 
169.235637	40.34022788	126.077020 
169.3617705	39.90932525	126.478110 
169.5046156	39.43205833	126.991930 
169.6829405	38.82986293	127.646310 
169.8999099	38.09269296	128.474700 
170.1539322	37.23040092	129.521940 
170.4136104	36.33902724	130.632250 
170.6607512	35.50654017	131.742290 
170.9002684	34.70183018	132.852170 
171.127963	33.94030855	133.962000 
171.3456781	33.2137959	135.071800 
171.5533018	32.5252172	136.181580 
171.7495458	31.87814413	137.291400 
171.9420211	31.25223032	138.401030 
172.1282002	30.66225658	139.510500 
172.3069219	30.1071829	140.619900 
172.4794117	29.58498874	141.729210 
172.6444114	29.08198078	142.838700 
172.8042775	28.60917086	143.948090 
172.9612163	28.16228439	145.057280 
173.1156765	27.74382801	146.166230 
173.2668164	27.34139883	147.275150 
173.4134027	26.96201365	148.384060 
173.5555592	26.60124063	149.493030 
173.6931371	26.26898947	150.601960 
173.8297519	25.95705137	151.710660 
173.9682607	25.66863334	152.818880 
174.1026393	25.39494971	153.927220 
174.2312596	25.15628345	155.035580 
174.3579397	24.93981979	156.143800 
174.4802153	24.74747061	157.252080 
174.6022934	24.57156694	158.360160 
174.7236726	24.42482409	159.467930 
174.8433853	24.30287397	160.575520 
174.957393	24.2108133	161.683250 
175.069333	24.13613968	162.790940 
175.1775486	24.08632597	163.898650 
175.2826644	24.05724469	165.006380 
175.3821686	24.06967362	166.114110 
175.4779233	24.10301563	167.221910 
175.5710816	24.15412001	168.329730 
175.6598182	24.22903708	169.417240 
175.740098	24.33915261	170.465720 
175.8125642	24.45881309	171.458860 
175.8728387	24.58792286	172.383570 
175.9256819	24.71486574	173.229630 
175.97082	24.8382355	173.990770 
176.0084244	24.96447928	174.664150 
176.0400407	25.08227031	175.250240 
176.066887	25.18425558	175.752240 
176.0893965	25.27075573	176.175450 
176.1078496	25.34417945	176.526730 
176.121812	25.41296225	176.813850 
176.1330395	25.46834634	177.045030 
176.1419296	25.51227378	177.228420 
176.1488754	25.54661678	177.371780 
176.1519279	25.58497349	177.482290 
176.1538278	25.61626124	177.566230 
176.1534988	25.65629503	177.629030 
176.1409021	25.77000396	177.675400 

71
177.4708613	43.12066641	124.592100 
177.4951387	43.01939435	124.611810 
177.5097137	42.96669618	124.638460 
177.5230033	42.91967107	124.674400 
177.5405656	42.85736454	124.722550 
177.5639197	42.77433907	124.786720 
177.5948144	42.6642977	124.871730 
177.6354145	42.51930346	124.983750 
177.6884196	42.3292787	125.130510 
177.7557454	42.08816774	125.321720 
177.8405897	41.78442671	125.569400 
177.9414635	41.42394093	125.888460 
178.0604611	41.0011282	126.297070 
178.1939381	40.5395594	126.817310 
178.3606287	39.95504588	127.475900 
178.5625931	39.24009386	128.304760 
178.7927909	38.42328302	129.340390 
179.0335254	37.56186764	130.448650 
179.2614381	36.76335507	131.556690 
179.4848122	35.98587547	132.664530 
179.6948748	35.25513349	133.772400 
179.8961735	34.55633502	134.880240 
180.0888258	33.89434398	135.988010 
180.2699465	33.26780687	137.095910 
180.4481266	32.66416097	138.203610 
180.6209154	32.09598926	139.311130 
180.7854158	31.56214174	140.418670 
180.9435261	31.05919178	141.526170 
181.0977401	30.57381904	142.633630 
181.244148	30.11741349	143.741190 
181.3867203	29.68864002	144.848630 
181.5281693	29.28521737	145.955810 
181.6664182	28.89788763	147.062970 
181.8009893	28.52923837	148.170120 
181.9303361	28.1814823	149.277340 
182.0553014	27.85994066	150.384540 
182.1791172	27.55960672	151.491560 
182.303032	27.27855046	152.598330 
182.4258377	27.01682463	153.704940 
182.5436817	26.7809698	154.811600 
182.6554702	26.57300021	155.918380 
182.7657167	26.38561029	157.025040 
182.8744825	26.21884957	158.131580 
182.9826903	26.07673772	159.237870 
183.0877813	25.96095472	160.344100 
183.1901862	25.87228126	161.450240 
183.2874462	25.80519525	162.556540 
183.3826407	25.75947566	163.662770 
183.474458	25.73396535	164.769030 
183.5608826	25.75421745	165.875210 
183.6438218	25.79116473	166.981490 
183.7235996	25.84518289	168.087820 
183.7992948	25.92887629	169.174360 
183.8670662	26.0388103	170.223030 
183.9278963	26.16074124	171.217780 
183.9782658	26.29559319	172.145620 
184.0226398	26.42516063	172.996550 
184.0589662	26.55434272	173.764260 
184.0894789	26.68082527	174.445660 
184.1144753	26.80265931	175.040880 
184.1360343	26.90864529	175.552720 
184.1543733	26.99967759	175.986110 
184.1696296	27.07558113	176.347540 
184.1803634	27.1482997	176.644520 
184.1889117	27.20778372	176.884930 
184.1957225	27.2552523	177.076750 
184.2010833	27.29257687	177.227620 
184.2039062	27.33217319	177.344590 
184.2053441	27.36824498	177.434040 
184.2032818	27.41060382	177.501560 
184.1893957	27.53130331	177.551600 
 
71
186.1897257	44.21284847	124.364100 
186.2156399	44.10418303	124.385510 
186.2292711	44.0553218	124.414340 
186.242567	44.00621265	124.452970 
186.2602494	43.940849	124.504370 
186.2836179	43.85433128	124.572410 
186.3143039	43.74045189	124.661960 
186.3543718	43.59134216	124.779180 
186.4063474	43.39717569	124.931800 
186.471277	43.15677329	125.129360 
186.5532517	42.85345824	125.383720 
186.646798	42.50581851	125.709440 
186.7563051	42.10089793	126.124120 
186.8810849	41.64914127	126.649040 
187.0364623	41.08275251	127.309770 
187.2206194	40.39892733	128.136820 
187.435192	39.61078258	129.170870 
187.6567124	38.78335267	130.275930 
187.8660507	38.01306708	131.380850 
188.0715826	37.2666296	132.485570 
188.2659072	36.56329283	133.590270 
188.4517764	35.88961786	134.694960 
188.6278436	35.25360966	135.799670 
188.7967625	34.64807366	136.904350 
188.9607608	34.06655894	138.008950 
189.1189729	33.51763089	139.113440 
189.2693625	33.00595428	140.217920 
189.414019	32.52188016	141.322380 
189.5539794	32.05689034	142.426840 
189.6893218	31.61348914	143.531290 
189.8189079	31.20149464	144.635710 
189.9464726	30.81127302	145.740000 
190.0715906	30.44016136	146.844200 
190.1925952	30.08388996	147.948460 
190.3107153	29.74851347	149.052650 
190.4239305	29.43522468	150.156900 
190.5346856	29.14593332	151.261040 
190.6459168	28.87189907	152.364980 
190.7547698	28.61871795	153.468850 
190.8595001	28.38743042	154.572750 
190.9611628	28.18537222	155.676560 
191.0585558	28.00211674	156.780440 
191.1529016	27.84299845	157.884290 
191.247001	27.7051789	158.987930 
191.3387698	27.59595876	160.091460 
191.4273283	27.50855376	161.194980 
191.5123703	27.44801753	162.298480 
191.5947212	27.40639512	163.401970 
191.6732939	27.39020243	164.505480 
191.7459143	27.41048816	165.609030 
191.8156729	27.44943368	166.712590 
191.8828469	27.50575104	167.816170 
191.9437924	27.5959179	168.900640 
191.9994831	27.7051898	169.948220 
192.0494002	27.82961258	170.943230 
192.0896943	27.96669417	171.872980 
192.1253633	28.09755377	172.727520 
192.1534189	28.2326986	173.500500 
192.1773333	28.35990129	174.188660 
192.1963363	28.48486162	174.791830 
192.2124921	28.59393028	175.312490 
192.2257355	28.68947501	175.755190 
192.2368054	28.76952101	176.126050 
192.244395	28.84431649	176.432220 
192.2500673	28.90800881	176.681370 
192.2545947	28.95909703	176.881240 
192.2581709	28.99951127	177.039350 
192.2596318	29.03901214	177.162700 
192.2590794	29.07946887	177.257650 
192.2578224	29.12398793	177.329630 
192.2422051	29.25349833	177.383500 

71
194.8856714	45.4098487	124.189700 
194.9126489	45.29501766	124.212900 
194.9263219	45.24449986	124.243890 
194.939913	45.19228216	124.285160 
194.9578441	45.12324763	124.339700 
194.981383	45.0324917	124.411400 
195.0120927	44.91380044	124.505150 
195.0519143	44.759463	124.627040 
195.1032308	44.5598191	124.784670 
195.1661146	44.31787281	124.987360 
195.2454071	44.01195172	125.246560 
195.3312872	43.68222297	125.576220 
195.4323132	43.29563596	125.993100 
195.5491221	42.85142506	126.517270 
195.6912917	42.30185523	127.172640 
195.8609199	41.65100196	127.987270 
196.0564109	40.89586857	128.996950 
196.2621234	40.09187283	130.099210 
196.4578038	39.33643259	131.201360 
196.6478896	38.61458504	132.303340 
196.8289788	37.92602293	133.405310 
197.0025765	37.26482173	134.507280 
197.1661676	36.64698117	135.609230 
197.321698	36.05726729	136.711210 
197.4720353	35.48920123	137.813170 
197.6177382	34.95234868	138.915010 
197.7563089	34.45284537	140.016820 
197.8884125	33.98105531	141.118640 
198.0165312	33.52967294	142.220440 
198.1398803	33.09699736	143.322250 
198.2579058	32.69210119	144.424060 
198.3747996	32.309759	145.525700 
198.4870362	31.94917926	146.627370 
198.5955265	31.60218564	147.729070 
198.7006213	31.27430484	148.830760 
198.804083	30.96422115	149.932380 
198.90179	30.68111697	151.034040 
199.0008561	30.41175133	152.135510 
199.0970072	30.1631496	153.236940 
199.1900733	29.93483956	154.338360 
199.2793298	29.73502235	155.439750 
199.3644906	29.55294717	156.541200 
199.4469625	29.39822107	157.642560 
199.527933	29.2625231	158.743860 
199.6068874	29.15589384	159.845020 
199.6826496	29.07079785	160.946180 
199.7549175	29.01064407	162.047330 
199.82307	28.96986311	163.148560 
199.8877651	28.95991972	164.249730 
199.9483489	28.9790428	165.350890 
200.0060687	29.01790923	166.452050 
200.0605975	29.07794264	167.553220 
200.1086782	29.16931147	168.635850 
200.1520289	29.27779106	169.682580 
200.1897124	29.40490052	170.678050 
200.2201857	29.54195591	171.609700 
200.2469177	29.67304908	172.467760 
200.2664752	29.81458962	173.245780 
200.283442	29.94388775	173.940370 
200.2962522	30.07199296	174.551120 
200.3071171	30.18363772	175.080160 
200.3149896	30.28438243	175.531740 
200.3215683	30.36912864	175.911620 
200.3260349	30.44618435	176.226630 
200.3289073	30.5143945	176.484190 
200.3312178	30.56937155	176.691850 
200.3330471	30.61310445	176.857010 
200.3337137	30.65207915	176.986590 
200.331698	30.69768343	177.086910 
200.3283068	30.74407547	177.163570 
200.3108987	30.8830951	177.221200 

71
203.5476	46.76601803	124.086400 
203.5761319	46.64112259	124.111410 
203.5886119	46.5899791	124.144620 
203.6026209	46.53410628	124.188470 
203.6209942	46.460702	124.246080 
203.6449655	46.36479938	124.321350 
203.6760574	46.24013094	124.419180 
203.7161221	46.07894084	124.545640 
203.7674361	45.87175682	124.708240 
203.8279737	45.62719342	124.916180 
203.9041221	45.31804568	125.180630 
203.985233	44.99728918	125.515100 
204.0808285	44.61784264	125.935820 
204.1922818	44.17340982	126.462120 
204.327612	43.6285107	127.116810 
204.4857338	42.98966189	127.926620 
204.6708642	42.24107528	128.931010 
204.8632122	41.45118524	130.028360 
205.0464327	40.69688613	131.125670 
205.2242971	39.98606398	132.222800 
205.3936599	39.30642791	133.319930 
205.5561416	38.65176755	134.417050 
205.7095341	38.03667067	135.514150 
205.8535117	37.45292252	136.611310 
205.9927485	36.89502336	137.708420 
206.1271554	36.36898517	138.805450 
206.255543	35.87114755	139.902460 
206.3770226	35.40493	140.999490 
206.4931955	34.96107504	142.096520 
206.6043612	34.53821933	143.193580 
206.7127202	34.13564994	144.290580 
206.8166777	33.75731501	145.387570 
206.9170609	33.40171854	146.484520 
207.0154735	33.06187043	147.581430 
207.1099201	32.73822631	148.678370 
207.2008845	32.43105696	149.775330 
207.2874676	32.14881456	150.872290 
207.3735539	31.8825937	151.969150 
207.457666	31.63666423	153.065950 
207.5388714	31.40899956	154.162750 
207.6157409	31.20858842	155.259540 
207.6896808	31.02739289	156.356330 
207.7596771	30.87341334	157.453110 
207.8289659	30.73751077	158.549800 
207.8952905	30.63080012	159.646420 
207.9582001	30.54636128	160.743050 
208.0165931	30.48550369	161.839720 
208.0734572	30.44302844	162.936340 
208.1244375	30.43685517	164.032990 
208.1719744	30.45463706	165.129630 
208.2165833	30.49255425	166.226270 
208.257508	30.55521603	167.322920 
208.2932341	30.64776335	168.401520 
208.3248446	30.75713156	169.445200 
208.3510104	30.88713441	170.439020 
208.3714223	31.02506411	171.370590 
208.388209	31.16022769	172.230290 
208.3995609	31.30544209	173.011610 
208.409061	31.43876278	173.711030 
208.414534	31.57082103	174.327930 
208.4192272	31.68559211	174.864120 
208.4220231	31.79197745	175.323470 
208.4242688	31.88230825	175.711440 
208.425274	31.96214275	176.034550 
208.4246961	32.03529815	176.299970 
208.4242162	32.09458092	176.515020 
208.4238156	32.14195987	176.686940 
208.4234267	32.17975901	176.822560 
208.4196976	32.23146052	176.928160 
208.4168815	32.27992914	177.009210 
208.3960034	32.42959906	177.070800 

71
212.2019014	48.15440399	124.019200 
212.2345022	48.01590914	124.045820 
212.2464885	47.9653476	124.081170 
212.2605617	47.90661963	124.127570 
212.2789242	47.82991953	124.188160 
212.3027366	47.73026733	124.266870 
212.3334375	47.60145983	124.368600 
212.3727785	47.43586331	124.499380 
212.4222465	47.22753408	124.666610 
212.4805522	46.98536156	124.879300 
212.5523353	46.68571173	125.148390 
212.6296517	46.36272759	125.487000 
212.7199724	45.98531742	125.910790 
212.8265391	45.53981887	126.438300 
212.9559851	44.99542158	127.091320 
213.1045407	44.36139163	127.895310 
213.276925	43.62522989	128.882880 
213.459083	42.83763408	129.974790 
213.6308883	42.08662405	131.066700 
213.7987857	41.37712436	132.158450 
213.956933	40.70542579	133.250210 
214.108579	40.05721523	134.341960 
214.2528957	39.43966109	135.433710 
214.3889422	38.85097598	136.525480 
214.5159517	38.30256159	137.617260 
214.6384646	37.78373754	138.708980 
214.7561736	37.28727119	139.800690 
214.8680461	36.82138392	140.892380 
214.9736467	36.38208808	141.984090 
215.0742795	35.96703817	143.075810 
215.1721172	35.56606873	144.167510 
215.265127	35.18995134	145.259210 
215.3546852	34.83590659	146.350890 
215.4408824	34.5018004	147.442550 
215.5237111	34.18095107	148.534240 
215.6038135	33.8755337	149.625920 
215.6798954	33.59176425	150.717600 
215.7532639	33.32896643	151.809260 
215.8258229	33.08500956	152.900850 
215.8954636	32.85703392	153.992440 
215.9608301	32.65489592	155.084030 
216.023252	32.47564132	156.175610 
216.0808599	32.32047387	157.267210 
216.1367362	32.18284627	158.358780 
216.1910002	32.07527885	159.450260 
216.240526	31.99059235	160.541780 
216.2875554	31.92907037	161.633270 
216.3320911	31.88473975	162.724760 
216.3706592	31.88051491	163.816250 
216.4057413	31.89692672	164.907750 
216.4374261	31.93349	165.999270 
216.4647332	31.99869153	167.090790 
216.4880353	32.09162792	168.164770 
216.5077067	32.20255026	169.204800 
216.5215921	32.33501341	170.196320 
216.5319388	32.47377207	171.127100 
216.5392668	32.61387986	171.987700 
216.5418093	32.7619798	172.771580 
216.5426082	32.90193522	173.475120 
216.5416207	33.03684294	174.097420 
216.5404565	33.15611762	174.640050 
216.537649	33.26677031	175.106560 
216.5347666	33.36277477	175.502100 
216.5320476	33.44539934	175.832860 
216.528631	33.52389676	176.105730 
216.5258342	33.58778274	176.327860 
216.523573	33.63911481	176.506310 
216.5217702	33.67981152	176.647820 
216.5168469	33.73341013	176.758600 
216.5115793	33.78407126	176.844240 
216.4884974	33.9450959	176.909600 

71
220.8111492	49.74352698	123.999900 
220.8469986	49.5890986	124.028290 
220.8583701	49.53998157	124.065750 
220.8727634	49.47787447	124.114640 
220.8914319	49.39721234	124.178140 
220.9155011	49.29299362	124.260190 
220.9463657	49.15902239	124.365640 
220.9857131	48.98766192	124.500490 
221.0341347	48.77711666	124.672020 
221.0912383	48.5307821	124.889090 
221.1594463	48.23505003	125.162330 
221.2329325	47.91506331	125.504500 
221.3199726	47.53469565	125.930680 
221.4245102	47.07578659	126.458670 
221.5498113	46.52199857	127.109300 
221.692475	45.88463077	127.906750 
221.8574	45.13876729	128.880140 
222.0326592	44.33528265	129.966300 
222.1973965	43.5759842	131.052440 
222.3592149	42.85105625	132.138480 
222.5100071	42.16937965	133.224530 
222.6536434	41.51283241	134.310580 
222.7890193	40.88777745	135.396650 
222.9185369	40.2869697	136.482700 
223.0374452	39.73476627	137.568770 
223.1513804	39.20806363	138.654810 
223.2601812	38.70999127	139.740830 
223.3630284	38.23654161	140.826870 
223.4590799	37.79228948	141.912920 
223.5502285	37.37173489	142.998960 
223.6378762	36.96994021	144.085010 
223.7223908	36.59013232	145.171020 
223.8019292	36.22995858	146.257060 
223.8771499	35.89275486	147.343100 
223.9498302	35.56909751	148.429140 
224.0184862	35.26063498	149.515200 
224.0849752	34.96957414	150.601240 
224.1478046	34.70555146	151.687260 
224.209755	34.45770132	152.773250 
224.2682373	34.22604908	153.859240 
224.3230336	34.01598202	154.945240 
224.3732724	33.83430305	156.031250 
224.4204473	33.67510976	157.117240 
224.4653055	33.53305885	158.203230 
224.5066607	33.42015382	159.289190 
224.5440219	33.33129601	160.375160 
224.5788153	33.26648144	161.461120 
224.6111542	33.2179863	162.547070 
224.6379918	33.21108847	163.633000 
224.6613901	33.22464777	164.718950 
224.681265	33.25818882	165.804910 
224.6963598	33.32408575	166.890860 
224.7071649	33.41640933	167.959800 
224.7141296	33.52935867	168.995730 
224.7166555	33.66422436	169.984420 
224.7165945	33.80426822	170.913900 
224.7134684	33.95071448	171.774830 
224.7069687	34.10217643	172.560680 
224.6988915	34.24912287	173.267710 
224.6907382	34.38893674	173.894820 
224.6832285	34.51458208	174.443310 
224.6755534	34.63041085	174.916440 
224.6683222	34.73323331	175.319030 
224.6622275	34.81954415	175.657020 
224.6547644	34.90415833	175.937040 
224.648632	34.9733917	176.166000 
224.6436685	35.02928197	176.350810 
224.6397069	35.07380691	176.498090 
224.6335517	35.12874328	176.613990 
224.6271303	35.18199742	176.704060 
224.6013015	35.35609614	176.773200 

71
229.2653501	52.01837199	124.114700 
229.3024645	51.85248275	124.145010 
229.3148536	51.79843652	124.184560 
229.3309145	51.72828234	124.235920 
229.351637	51.63764636	124.302250 
229.3782145	51.52114712	124.387500 
229.4121075	51.37216947	124.496500 
229.4550884	51.18260827	124.635180 
229.506652	50.95486266	124.810720 
229.5692369	50.67753162	125.031760 
229.6387698	50.36720967	125.308680 
229.7167359	50.01643222	125.653800 
229.8075952	49.60482892	126.081690 
229.9175351	49.10619298	126.609420 
230.0462156	48.51501097	127.256860 
230.193286	47.82810949	128.046980 
230.3622616	47.03200507	129.002140 
230.5421626	46.16878148	130.081970 
230.7117832	45.34861682	131.161790 
230.8745672	44.56429236	132.241580 
231.0271023	43.82941481	133.321360 
231.170526	43.12738572	134.401150 
231.305548	42.45689244	135.480930 
231.4309469	41.83219434	136.560720 
231.5492224	41.23201716	137.640510 
231.6610723	40.6669528	138.720280 
231.7640017	40.13800186	139.800070 
231.8614042	39.63923119	140.879860 
231.9540571	39.16344819	141.959630 
232.0401389	38.71187999	143.039430 
232.1204331	38.29290264	144.119220 
232.1976687	37.8906671	145.199000 
232.2704252	37.50706307	146.278790 
232.3397005	37.14025124	147.358590 
232.4030106	36.79928147	148.438390 
232.4647804	36.47354626	149.518190 
232.5236941	36.16327208	150.597980 
232.5785496	35.87732467	151.677770 
232.630932	35.61038146	152.757550 
232.6799798	35.36262984	153.837340 
232.7276166	35.12643692	154.917110 
232.7675897	34.93300746	155.996900 
232.8044606	34.75775164	157.076690 
232.8392615	34.60237841	158.156470 
232.8714413	34.47061323	159.236240 
232.8990511	34.36861441	160.316010 
232.9231532	34.29280697	161.395780 
232.9449131	34.22918434	162.475550 
232.9597974	34.21469304	163.555320 
232.9715381	34.2215328	164.635080 
232.9801356	34.2493472	165.714850 
232.9827894	34.3112034	166.794630 
232.9813278	34.40330004	167.857870 
232.9763633	34.51941948	168.889010 
232.96638	34.65917895	169.874200 
232.9551046	34.80486003	170.801670 
232.9416494	34.96257261	171.662200 
232.9262735	35.12184984	172.449290 
232.9098203	35.27803438	173.159080 
232.8934323	35.42777629	173.790330 
232.8780176	35.56534387	174.344050 
232.8638989	35.69101746	174.823230 
232.8510896	35.80477028	175.232400 
232.8402575	35.90061541	175.577200 
232.8290327	35.99258931	175.864000 
232.8194072	36.07021808	176.099520 
232.8115801	36.13315821	176.290480 
232.805301	36.18355586	176.443380 
232.7977362	36.24012708	176.564310 
232.789188	36.30116187	176.658780 
232.7609017	36.48790427	176.731700 

71
237.7802574	54.01727221	124.260900 
237.8188817	53.84384373	124.292840 
237.8327391	53.78183075	124.334480 
237.8506144	53.70176836	124.388220 
237.8735372	53.59891127	124.457280 
237.9027756	53.46738905	124.545550 
237.9398653	53.30007733	124.657840 
237.9866345	53.08824342	124.799980 
238.0398836	52.8490159	124.978990 
238.1059038	52.55100025	125.203300 
238.1804939	52.20689172	125.482970 
238.2668726	51.80366282	125.829880 
238.3595399	51.36586503	126.258000 
238.4730766	50.83437468	126.783640 
238.5999614	50.22646909	127.425690 
238.7453244	49.51696467	128.205860 
238.9109089	48.69705939	129.140110 
239.0889359	47.79692804	130.210810 
239.2575307	46.94025546	131.281510 
239.4186596	46.12432947	132.352220 
239.5681653	45.35177658	133.422920 
239.7064641	44.62956075	134.493630 
239.83819	43.93103834	135.564330 
239.9594345	43.27396687	136.635040 
240.0712556	42.66428522	137.705740 
240.175294	42.08138341	138.776450 
240.2742386	41.52827095	139.847150 
240.36515	41.00230951	140.917860 
240.4486058	40.52555876	141.988560 
240.5274366	40.06220948	143.059260 
240.6022987	39.62151538	144.129970 
240.6700111	39.2078674	145.200680 
240.7343177	38.81144982	146.271380 
240.7949415	38.43289938	147.342090 
240.8516623	38.0749273	148.412800 
240.9027759	37.74210214	149.483500 
240.9517422	37.42457169	150.554210 
240.9978628	37.12083257	151.624920 
241.0405375	36.84257903	152.695630 
241.0797499	36.58524648	153.766330 
241.1160967	36.34466259	154.837040 
241.1477837	36.13307855	155.907750 
241.1746679	35.94478804	156.978450 
241.1986252	35.78340247	158.049160 
241.2204396	35.6363948	159.119870 
241.2367142	35.52605859	160.190580 
241.2489193	35.44308142	161.261280 
241.2603798	35.37491323	162.331990 
241.2636778	35.35241365	163.402700 
241.2635764	35.35296771	164.473400 
241.2600841	35.3765853	165.544110 
241.251042	35.43819532	166.614820 
241.2376266	35.52933471	167.669510 
241.2202586	35.64706047	168.693110 
241.1989345	35.79112942	169.672120 
241.1766281	35.94126846	170.595060 
241.1514365	36.10990725	171.452870 
241.1264677	36.27626387	172.239050 
241.101585	36.44113982	172.949690 
241.0779174	36.59965188	173.583340 
241.0556975	36.74989387	174.140810 
241.0354386	36.88504686	174.624790 
241.0164455	37.0091473	175.039490 
241.0003243	37.11411348	175.390270 
240.9849436	37.21378527	175.683220 
240.9713919	37.30130538	175.924810 
240.9603388	37.3725749	176.121580 
240.9514278	37.4299182	176.279880 
240.9425124	37.4872001	176.405710 
240.9314728	37.55795715	176.504520 
240.9003961	37.75690147	176.581200 



          71
116.324102	35.36810781	126.026800 
116.2739546	35.54575923	126.059290 
116.2506658	35.63686564	126.101470 
116.2322558	35.7160035	126.155250 
116.217885	35.78693875	126.223480 
116.2082466	35.84873337	126.309560 
116.2098968	35.8816366	126.417630 
116.2128282	35.91988414	126.552590 
116.2445031	35.87595257	126.720250 
116.2922122	35.79374601	126.927440 
116.3655486	35.64515516	127.182080 
116.4695875	35.41611798	127.493380 
116.6107877	35.08792534	127.871880 
116.7795748	34.689369	128.329790 
116.980945	34.21025568	128.880590 
117.2186004	33.6384619	129.539550 
117.495365	32.9637185	130.323650 
117.817541	32.17442828	131.251180 
118.1958426	31.25040388	132.351120 
118.5607111	30.35105514	133.459980 
118.9131339	29.46710587	134.568930 
119.2479917	28.62425532	135.677920 
119.5706808	27.80636602	136.786850 
119.8849261	27.01212526	137.895430 
120.1929224	26.26116153	139.002940 
120.4880038	25.54079208	140.110580 
120.7727902	24.84977189	141.218150 
121.0466425	24.18877904	142.325770 
121.3097907	23.56440732	143.433340 
121.5675397	22.96557055	144.540540 
121.82524	22.39294371	145.646680 
122.0769587	21.84931946	146.752540 
122.3207206	21.32853468	147.858560 
122.5593971	20.82610577	148.964510 
122.7939361	20.33884004	150.070360 
123.0252694	19.86356214	151.176080 
123.2624875	19.40135448	152.280400 
123.4985447	18.9489479	153.384390 
123.7310416	18.50711734	154.488380 
123.9604914	18.07776001	155.592300 
124.1853364	17.66342682	156.696330 
124.4072155	17.26438655	157.800260 
124.6327181	16.88789688	158.902950 
124.8567994	16.53629737	160.005150 
125.0769315	16.20566262	161.107360 
125.2921469	15.9046899	162.209600 
125.5028225	15.63258786	163.311850 
125.7096155	15.38570162	164.414120 
125.9114903	15.17292848	165.516420 
126.1052438	14.99549242	166.605300 
126.2904849	14.85124878	167.667570 
126.464846	14.74973825	168.691320 
126.6261845	14.6863054	169.666340 
126.7762198	14.63836887	170.583960 
126.9080084	14.63086471	171.437970 
127.0279387	14.62927542	172.223230 
127.1282133	14.65508653	172.937800 
127.2179797	14.68096174	173.579990 
127.2948667	14.72279489	174.150800 
127.3624362	14.75956589	174.652490 
127.4199953	14.80827146	175.088510 
127.4693617	14.85303762	175.463460 
127.5113527	14.89111363	175.782470 
127.5464337	14.92122886	176.051090 
127.5756249	14.94631446	176.274870 
127.5996905	14.96699685	176.459370 
127.6193274	14.98387251	176.609930 
127.6357631	14.99155892	176.731560 
127.650298	14.98173352	176.828890 
127.6666632	14.93228733	176.905960 
127.6924048	14.79409553	176.966100 

          71
125.0717631	36.41966029	125.566800 
125.0268171	36.58747694	125.596870 
125.006053	36.67196554	125.636060 
124.9900961	36.74376313	125.686250 
124.9778838	36.80744419	125.750230 
124.9698192	36.86289039	125.831330 
124.9722933	36.88991019	125.933590 
124.9796856	36.90922822	126.061870 
125.0037015	36.88283111	126.221920 
125.0504502	36.79206445	126.420550 
125.1124987	36.66462462	126.665710 
125.2009209	36.46509435	126.966660 
125.3146676	36.20110269	127.334050 
125.4574383	35.86101242	127.780120 
125.633604	35.43233872	128.318730 
125.8438657	34.91739346	128.965400 
126.0898153	34.30545986	129.737680 
126.3751918	33.58642823	130.654720 
126.7136518	32.73885022	131.741990 
127.0547294	31.88740687	132.873420 
127.3850859	31.05184712	134.004890 
127.7030872	30.24182099	135.136370 
128.0082727	29.46134502	136.267880 
128.3033097	28.70520763	137.399310 
128.593133	27.98238063	138.529990 
128.8760414	27.28889163	139.660240 
129.1478399	26.62334042	140.790620 
129.4091122	25.98727927	141.921080 
129.6620574	25.38397827	143.051370 
129.9077105	24.80498213	144.181590 
130.1544014	24.2489923	145.310850 
130.3952754	23.72558131	146.439760 
130.6310167	23.22179698	147.568580 
130.8603797	22.73361024	148.697580 
131.0861432	22.2604267	149.826460 
131.3076372	21.80427622	150.955270 
131.5338579	21.35915801	152.083000 
131.7606208	20.92390568	153.210230 
131.9843413	20.49890304	154.337430 
132.2047952	20.08897825	155.464560 
132.4220093	19.6916172	156.591680 
132.6352858	19.30882175	157.718850 
132.8523088	18.94884139	158.844860 
133.0665999	18.60886847	159.970710 
133.279279	18.28926704	161.096240 
133.4862296	17.99692665	162.221940 
133.6888181	17.73089535	163.347650 
133.8875134	17.48916493	164.473380 
134.0810052	17.28250671	165.599140 
134.2677302	17.10564604	166.710730 
134.4463574	16.95862938	167.794560 
134.6140579	16.85387381	168.838220 
134.7689288	16.78481349	169.831150 
134.9124319	16.73140053	170.764430 
135.0369895	16.71096281	171.631840 
135.1498066	16.69911208	172.427990 
135.2445697	16.71886198	173.150680 
135.3291511	16.7393797	173.798710 
135.4022347	16.77104592	174.373210 
135.4662956	16.79881558	174.876790 
135.5198121	16.83787243	175.313330 
135.5655015	16.87271559	175.687570 
135.6042214	16.90230382	176.004930 
135.6365187	16.92752097	176.271180 
135.6633237	16.94843731	176.492160 
135.6853327	16.96561909	176.673640 
135.7032179	16.97958287	176.821130 
135.7184982	16.98415738	176.939750 
135.7325812	16.97340932	177.034170 
135.7493958	16.92656015	177.108440 
135.7736041	16.78799862	177.166600 

          71
133.8187977	37.47826703	125.174600 
133.7782048	37.63151136	125.202390 
133.7601975	37.70903236	125.238850 
133.7461881	37.77447748	125.286280 
133.7355651	37.83242676	125.347580 
133.7289147	37.88209642	125.426390 
133.7314051	37.90672275	125.527160 
133.7431097	37.90792919	125.655300 
133.7653685	37.8826686	125.817370 
133.810032	37.79022272	126.021240 
133.8687522	37.66487798	126.276220 
133.9532105	37.47066873	126.593290 
134.0609705	37.21617999	126.985450 
134.1972209	36.88533125	127.467800 
134.3675152	36.46075135	128.057690 
134.5754566	35.93490973	128.774930 
134.8226097	35.30175837	129.642080 
135.1166819	34.54654293	130.684780 
135.4293611	33.74344416	131.806600 
135.7351843	32.96067771	132.928090 
136.0297699	32.19988641	134.049670 
136.3158482	31.45901082	135.171170 
136.5930473	30.73911381	136.292630 
136.8597392	30.04535804	137.414140 
137.123949	29.38070139	138.534880 
137.3812568	28.73910137	139.655470 
137.6314848	28.12111698	140.775940 
137.8714669	27.53684211	141.896460 
138.1040661	26.97648034	143.016970 
138.3301278	26.43631278	144.137490 
138.5574786	25.9182434	145.257170 
138.7786359	25.43374717	146.376600 
138.9962843	24.96268153	147.495940 
139.2110291	24.50445029	148.615150 
139.419852	24.06355389	149.734500 
139.6249593	23.63705394	150.853810 
139.8342992	23.22016614	151.972260 
140.0447769	22.81240137	153.090210 
140.2536116	22.41643067	154.207960 
140.4581802	22.03039461	155.325890 
140.6596796	21.65456982	156.443860 
140.8595489	21.29357381	157.561600 
141.0604484	20.95015149	158.678740 
141.2618002	20.62297897	159.795370 
141.4597801	20.31984369	160.911880 
141.6532484	20.03623508	162.028520 
141.8437662	19.77204557	163.145110 
142.0310628	19.53497138	164.261540 
142.2112491	19.33313711	165.378230 
142.388101	19.14964977	166.494980 
142.5596306	18.98580781	167.596090 
142.7203246	18.87561568	168.666600 
142.8718586	18.7885546	169.693240 
143.0124463	18.72666314	170.664530 
143.1355218	18.69159835	171.571900 
143.2468707	18.6643574	172.407990 
143.3402503	18.67173333	173.168710 
143.4234753	18.68042094	173.851650 
143.4947111	18.70450122	174.457010 
143.5569962	18.72590721	174.986880 
143.6101265	18.75493244	175.444890 
143.6553475	18.78225577	175.836000 
143.6934739	18.8054285	176.165990 
143.7245535	18.82648364	176.441170 
143.7501459	18.84383581	176.667890 
143.7709963	18.85796163	176.852530 
143.7877791	18.86933764	177.001160 
143.8021499	18.87119254	177.119450 
143.8153387	18.85891627	177.212530 
143.8311892	18.81212299	177.284850 
143.8551055	18.67509582	177.340700 

          71
142.5360477	38.64515776	124.858200 
142.5007247	38.78095656	124.883620 
142.4855525	38.84921087	124.917330 
142.4734543	38.90722326	124.961910 
142.4641041	38.95938155	125.020430 
142.4591102	39.00101164	125.096830 
142.4601267	39.02766285	125.196010 
142.4781694	39.00092502	125.324040 
142.5034685	38.95888658	125.488390 
142.5500633	38.85438342	125.698130 
142.6097798	38.71863787	125.964320 
142.6889921	38.52828133	126.300290 
142.7913175	38.28175495	126.721690 
142.9245103	37.95176421	127.247280 
143.0947962	37.51376479	127.899120 
143.3050309	36.96470483	128.702660 
143.5598526	36.29415875	129.687420 
143.8428628	35.54390676	130.798180 
144.1232778	34.80509032	131.908550 
144.3986323	34.08360164	133.018640 
144.6650305	33.37927754	134.128820 
144.9226241	32.69812794	135.238970 
145.1733768	32.03368907	136.349090 
145.4174063	31.38593461	137.459180 
145.6572281	30.76972228	138.568740 
145.8936794	30.17544397	139.677930 
146.1210935	29.60164393	140.787320 
146.3415163	29.05400446	141.896650 
146.5550162	28.5296113	143.005980 
146.7628404	28.02430167	144.115310 
146.9719016	27.54232613	145.223890 
147.1774027	27.0832723	146.332210 
147.3787189	26.63722399	147.440560 
147.5765345	26.20394474	148.548870 
147.7684235	25.79230555	149.657260 
147.9583984	25.38997826	150.765550 
148.1507673	24.99609952	151.873280 
148.346013	24.61374376	152.980350 
148.5379518	24.24120276	154.087480 
148.7270869	23.87612334	155.194680 
148.9147904	23.52080203	156.301740 
149.1001309	23.17821712	157.408740 
149.2854267	22.84893209	158.515390 
149.4715866	22.53647509	159.621540 
149.6540531	22.24792327	160.727610 
149.8349291	21.97218963	161.833560 
150.0134753	21.7096225	162.939490 
150.1845318	21.48576289	164.045600 
150.3523828	21.28143179	165.151710 
150.5173135	21.09494881	166.257830 
150.6779597	20.93420877	167.364010 
150.8317979	20.80458262	168.452850 
150.9779602	20.69947367	169.508070 
151.1134842	20.63239429	170.515070 
151.2351983	20.58279809	171.462190 
151.3426201	20.54922132	172.339870 
151.4358924	20.53921805	173.141190 
151.517653	20.53937324	173.862210 
151.5877982	20.55486038	174.501750 
151.6485069	20.57251022	175.061100 
151.7004794	20.59444403	175.543530 
151.7445145	20.61633157	175.953990 
151.781487	20.63470503	176.298570 
151.8112972	20.65267611	176.584070 
151.8356796	20.66736247	176.817510 
151.8553497	20.67922062	177.005920 
151.8710269	20.68867731	177.156060 
151.8841397	20.68806374	177.274240 
151.8958621	20.67394212	177.366110 
151.9110255	20.62616864	177.436470 
151.9355965	20.49150124	177.489800 

          71
151.2770303	39.77697154	124.812200 
151.2473076	39.89493686	124.835020 
151.2338638	39.95597116	124.865960 
151.2232012	40.0081948	124.907560 
151.2150369	40.05486135	124.963090 
151.2111702	40.09049346	125.036820 
151.2138064	40.10829073	125.134120 
151.2322906	40.07497722	125.261820 
151.2642128	40.00190634	125.428410 
151.3105282	39.89038448	125.644440 
151.3706142	39.7445402	125.923000 
151.447162	39.55779161	126.280070 
151.5458171	39.31269003	126.735060 
151.6772524	38.97598929	127.311320 
151.8489492	38.51973151	128.036840 
152.0666203	37.93012411	128.954750 
152.3232977	37.22924755	130.050040 
152.5784657	36.53313367	131.145090 
152.8311517	35.85046537	132.239820 
153.0784837	35.18299798	133.334420 
153.3196355	34.5281265	134.429030 
153.5519297	33.89661577	135.523690 
153.778646	33.2790304	136.618320 
154.0015922	32.67618991	137.712780 
154.2205103	32.10316984	138.806840 
154.4344048	31.5500584	139.900770 
154.641961	31.01335544	140.994780 
154.844365	30.49941043	142.088660 
155.038888	30.00982253	143.182660 
155.2289016	29.53694759	144.276620 
155.4208694	29.08461097	145.369900 
155.6091282	28.64940601	146.463100 
155.7933961	28.22686598	147.556330 
155.9742419	27.81918237	148.649510 
156.1514021	27.42830144	149.742650 
156.3264185	27.04365665	150.835780 
156.5042166	26.66505046	151.928430 
156.6829653	26.29918809	153.020660 
156.8598511	25.9398761	154.112880 
157.0351274	25.58680945	155.205050 
157.2077368	25.24403561	156.297240 
157.378066	24.90990918	157.389430 
157.5496724	24.58505858	158.481250 
157.7236043	24.28180329	159.572360 
157.8922354	23.99442075	160.663710 
158.0594985	23.71919226	161.754950 
158.2228933	23.46179544	162.846270 
158.3820945	23.23062654	163.937570 
158.5379582	23.01788621	165.028890 
158.6883271	22.83072226	166.120380 
158.8363272	22.66713258	167.211740 
158.9816449	22.52099903	168.303090 
159.1201049	22.40164502	169.375330 
159.2486364	22.3216961	170.410530 
159.3670912	22.25983686	171.393140 
159.4693875	22.22332663	172.310670 
159.5607307	22.20026677	173.152940 
159.6399966	22.19278743	173.913680 
159.7081958	22.20390171	174.589690 
159.7663426	22.22551736	175.181020 
159.8161921	22.24631336	175.690310 
159.8582955	22.26566612	176.122280 
159.8934711	22.28183301	176.483190 
159.9201845	22.30994813	176.780310 
159.9418374	22.33291755	177.021350 
159.9591439	22.35127698	177.214090 
159.9727905	22.36576016	177.366040 
159.9838226	22.37322828	177.484170 
159.9933362	22.37104771	177.574750 
160.0053878	22.33523182	177.643220 
160.0264001	22.21940324	177.694300 

          71
160.0270199	40.89000969	124.911300 
160.0000069	40.99679113	124.931730 
159.9890502	41.05087675	124.959380 
159.9793407	41.09874775	124.996800 
159.9720404	41.14028536	125.047030 
159.968077	41.17314889	125.114060 
159.9700587	41.18863559	125.202980 
159.983882	41.1655401	125.320290 
160.0148731	41.08513804	125.474140 
160.0547461	40.98338197	125.674730 
160.1058866	40.85397643	125.934760 
160.1706491	40.69007365	126.269890 
160.2533694	40.47864922	126.699270 
160.3623328	40.19337563	127.246100 
160.5122733	39.78536207	127.938290 
160.7022983	39.25328831	128.809410 
160.9380063	38.58386907	129.905860 
161.1752927	37.91398012	131.006670 
161.411678	37.25349267	132.107180 
161.6424857	36.60785648	133.207630 
161.8669701	35.9786184	134.308070 
162.0855531	35.363294	135.408520 
162.2987191	34.76152122	136.508970 
162.5066019	34.18115848	137.609290 
162.7115464	33.62502433	138.709280 
162.9126663	33.08392014	139.809170 
163.108383	32.55861668	140.909080 
163.2955475	32.06644338	142.009010 
163.4793011	31.59045627	143.108820 
163.6579524	31.1298201	144.208690 
163.8355727	30.69132917	145.308180 
164.0118251	30.26703232	146.407460 
164.184438	29.85570952	147.506740 
164.3526077	29.46500238	148.605990 
164.5175214	29.08491583	149.705260 
164.680241	28.71187134	150.804540 
164.8464941	28.34704293	151.903290 
165.0122977	27.99252625	153.001840 
165.1770249	27.64347049	154.100320 
165.3408658	27.29994332	155.198730 
165.5015206	26.96498021	156.297220 
165.6613218	26.63742012	157.395610 
165.821142	26.31787582	158.493810 
165.9804335	26.02256112	159.591620 
166.1391562	25.73956842	160.689230 
166.2941613	25.46837155	161.786980 
166.4457397	25.2169618	162.884720 
166.5938338	24.9882723	163.982420 
166.738112	24.77822273	165.080200 
166.8780621	24.59535365	166.177970 
167.013754	24.434138	167.275830 
167.1467228	24.28971814	168.373690 
167.2743407	24.17097782	169.451850 
167.3922976	24.0921673	170.492050 
167.5002322	24.03228846	171.478460 
167.5919252	23.99715074	172.398370 
167.6744435	23.97416054	173.241430 
167.7470763	23.96417972	174.001360 
167.8078319	23.976306	174.675310 
167.8588006	23.99873959	175.263490 
167.9027696	24.01896845	175.768710 
167.940079	24.03666624	176.195980 
167.9709836	24.05266488	176.551860 
167.9942749	24.08174426	176.843820 
168.0130879	24.10525505	177.079830 
168.0280797	24.12398021	177.267830 
168.0398493	24.13868277	177.415450 
168.048714	24.14624475	177.529800 
168.0564155	24.14418308	177.617100 
168.0688711	24.1089316	177.682620 
168.0881002	23.99630198	177.731500 

          71
168.7514691	42.01968807	124.834100 
168.7280575	42.11863535	124.851970 
168.7164285	42.16940074	124.876440 
168.7079285	42.21258218	124.909620 
168.7006496	42.25257156	124.954420 
168.6964528	42.28396902	125.014540 
168.6969376	42.30156841	125.094760 
168.7069649	42.28743758	125.201180 
168.7327719	42.21859547	125.341570 
168.7669732	42.12632738	125.525690 
168.8086719	42.01650668	125.765780 
168.8625429	41.87453159	126.077020 
168.9317423	41.69208542	126.478110 
169.0204672	41.45821537	126.991930 
169.1485225	41.09544817	127.646310 
169.3147212	40.61474886	128.474700 
169.523162	40.0045115	129.521940 
169.7418787	39.35756777	130.632250 
169.9621469	38.71272386	131.742290 
170.1773245	38.08932856	132.852170 
170.3882364	37.47763565	133.962000 
170.5948684	36.87666621	135.071800 
170.7969401	36.28815716	136.181580 
170.9900183	35.72864645	137.291400 
171.180813	35.18365769	138.401030 
171.3693319	34.65318709	139.510500 
171.5522241	34.14604232	140.619900 
171.7296215	33.66535442	141.729210 
171.8995366	33.20246537	142.838700 
172.0663213	32.75643571	143.948090 
172.2312967	32.32765148	145.057280 
172.3958347	31.91290705	146.166230 
172.5565738	31.51460909	147.275150 
172.7123343	31.1385291	148.384060 
172.8650515	30.77063675	149.493030 
173.0161251	30.41029633	150.601960 
173.1672393	30.06091158	151.710660 
173.3223991	29.71835179	152.818880 
173.4744919	29.38082897	153.927220 
173.6247288	29.04864812	155.035580 
173.7748586	28.72253926	156.143800 
173.9225585	28.4029309	157.252080 
174.0704034	28.09301379	158.360160 
174.2179214	27.80377063	159.467930 
174.3650395	27.52584358	160.575520 
174.5084918	27.25874436	161.683250 
174.6486754	27.01230778	162.790940 
174.7851416	26.78579701	163.898650 
174.9181245	26.57843452	165.006380 
175.0467946	26.39837032	166.114110 
175.1714358	26.23785412	167.221910 
175.2932847	26.09387906	168.329730 
175.4100689	25.97548256	169.417240 
175.5174151	25.89620447	170.465720 
175.615411	25.83638308	171.458860 
175.6990294	25.80062826	172.383570 
175.77322	25.77683582	173.229630 
175.8375431	25.76481841	173.990770 
175.8912711	25.77695566	174.664150 
175.9365517	25.79817848	175.250240 
175.9752676	25.81667318	175.752240 
176.0078783	25.83241057	176.175450 
176.034623	25.84789451	176.526730 
176.0546616	25.87406826	176.813850 
176.0707995	25.89513174	177.045030 
176.0835927	25.91184763	177.228420 
176.0935973	25.92490928	177.371780 
176.1017096	25.92837092	177.482290 
176.1091944	25.92133346	177.566230 
176.1203117	25.88313014	177.629030 
176.1409021	25.77000396	177.675400 

          71
177.4708613	43.12066641	124.592100 
177.4459299	43.22192184	124.611810 
177.4348669	43.27474369	124.638460 
177.42628	43.31777964	124.674400 
177.4193712	43.35634723	124.722550 
177.4156788	43.38509594	124.786720 
177.4172642	43.39671377	124.871730 
177.4296932	43.36975468	124.983750 
177.4543787	43.29995099	125.130510 
177.4858067	43.21235115	125.321720 
177.5244132	43.10796214	125.569400 
177.5736178	42.973452	125.888460 
177.6364369	42.80089491	126.297070 
177.7174897	42.57968183	126.817310 
177.8356554	42.23031161	127.475900 
177.986859	41.77394685	128.304760 
178.1729475	41.20208181	129.340390 
178.3717562	40.58834416	130.448650 
178.5724489	39.97609261	131.556690 
178.7697689	39.3846514	132.664530 
178.9623642	38.80263714	133.772400 
179.1513743	38.23033627	134.880240 
179.3367832	37.67134075	135.988010 
179.5124241	37.1387965	137.095910 
179.6870876	36.61999932	138.203610 
179.8605017	36.11464415	139.311130 
180.026865	35.63514004	140.418670 
180.1881731	35.1774828	141.526170 
180.3452951	34.73793913	142.633630 
180.4965187	34.3148149	143.741190 
180.6458821	33.90608962	144.848630 
180.7958589	33.51055992	145.955810 
180.9415422	33.13508305	147.062970 
181.0834321	32.77663421	148.170120 
181.221855	32.42656959	149.277340 
181.3585187	32.08421367	150.384540 
181.4953903	31.75194415	151.491560 
181.6342683	31.42463008	152.598330 
181.7739393	31.10193013	153.704940 
181.9113837	30.78416067	154.811600 
182.0457625	30.47106008	155.918380 
182.1803764	30.16319145	157.025040 
182.3143636	29.86598804	158.131580 
182.4485333	29.58367662	159.237870 
182.5812611	29.31194182	160.344100 
182.7127815	29.05268922	161.450240 
182.8391093	28.81069541	162.556540 
182.9633739	28.58578867	163.662770 
183.0837618	28.38044862	164.769030 
183.2005266	28.20362321	165.875210 
183.3135805	28.04226586	166.981490 
183.423297	27.89674986	168.087820 
183.5284687	27.78108324	169.174360 
183.6246807	27.69646734	170.223030 
183.7124908	27.63288152	171.217780 
183.7876117	27.59663547	172.145620 
183.8547049	27.56934028	172.996550 
183.9115193	27.55701815	173.764260 
183.9596155	27.56197625	174.445660 
183.9994137	27.58148516	175.040880 
184.0338374	27.59893077	175.552720 
184.0631972	27.61440246	175.986110 
184.0876733	27.62730702	176.347540 
184.1056671	27.6503128	176.644520 
184.1200951	27.66964497	176.884930 
184.1316106	27.68506699	177.076750 
184.1406767	27.69720258	177.227620 
184.1490106	27.69961506	177.344590 
184.1570795	27.6911478	177.434040 
184.1674019	27.6506471	177.501560 
184.1893957	27.53130331	177.551600 

          71
186.1897257	44.21284847	124.364100 
186.164031	44.32151948	124.385510 
186.1534861	44.37445682	124.414340 
186.1443757	44.41972431	124.452970 
186.1375455	44.45776487	124.504370 
186.1338618	44.48566243	124.572410 
186.1357388	44.49419875	124.661960 
186.1489099	44.46054798	124.779180 
186.1716946	44.3930324	124.931800 
186.2005282	44.31035455	125.129360 
186.2362244	44.21089607	125.383720 
186.2804941	44.08343619	125.709440 
186.3367949	43.92040503	126.124120 
186.410126	43.70876113	126.649040 
186.5191838	43.37078331	127.309770 
186.6546647	42.9379762	128.136820 
186.8250034	42.39555898	129.170870 
187.005206	41.811997	130.275930 
187.1863887	41.22986952	131.380850 
187.365369	40.66866527	132.485570 
187.5410748	40.11572606	133.590270 
187.7133107	39.57081869	134.694960 
187.8811441	39.03788002	135.799670 
188.0426307	38.53148772	136.904350 
188.20137	38.03871601	138.008950 
188.3578876	37.5596019	139.113440 
188.5086804	37.10474369	140.217920 
188.6552561	36.66793753	141.322380 
188.7971985	36.24876819	142.426840 
188.9348458	35.84795018	143.531290 
189.069752	35.45955326	144.635710 
189.2040503	35.08310666	145.740000 
189.3351752	34.72757432	146.844200 
189.462185	34.38523193	147.948460 
189.5881284	34.05119693	149.052650 
189.7110999	33.72542598	150.156900 
189.8337293	33.40818899	151.261040 
189.9582367	33.09562557	152.364980 
190.082563	32.78768787	153.468850 
190.2050594	32.48430917	154.572750 
190.3280201	32.18424543	155.676560 
190.4485764	31.88777213	156.780440 
190.5674763	31.60223595	157.884290 
190.6871567	31.327314	158.987930 
190.8067488	31.06197677	160.091460 
190.9237378	30.81020755	161.194980 
191.0385085	30.57237208	162.298480 
191.1506712	30.34911126	163.401970 
191.2587647	30.14895867	164.505480 
191.3622961	29.97168894	165.609030 
191.4631311	29.80928048	166.712590 
191.5613367	29.66222417	167.816170 
191.6528397	29.54899647	168.900640 
191.7380928	29.45985091	169.948220 
191.8162194	29.39383339	170.943230 
191.8825203	29.35447238	171.872980 
191.9421072	29.32328833	172.727520 
191.9917909	29.31166851	173.500500 
192.0346025	29.31079794	174.188660 
192.0694902	29.32797233	174.791830 
192.0994461	29.34378643	175.312490 
192.1245504	29.35943669	175.755190 
192.1455905	29.37255114	176.126050 
192.1616393	29.3905834	176.432220 
192.174302	29.40746473	176.681370 
192.1844508	29.42100133	176.881240 
192.1924815	29.43171773	177.039350 
192.1995394	29.4341184	177.162700 
192.2066024	29.42432898	177.257650 
192.2187181	29.38096972	177.329630 
192.2422051	29.25349833	177.383500 

          71
194.8856714	45.4098487	124.189700 
194.8591392	45.52466596	124.212900 
194.8475585	45.58250421	124.243890 
194.838035	45.6295097	124.285160 
194.8304434	45.6701957	124.339700 
194.8260721	45.69974456	124.411400 
194.8275002	45.70788706	124.505150 
194.8395285	45.67512356	124.627040 
194.8605019	45.60957068	124.784670 
194.8866492	45.53108928	124.987360 
194.919262	45.43459228	125.246560 
194.959521	45.31261977	125.576220 
195.0108051	45.15625138	125.993100 
195.0781545	44.94682898	126.517270 
195.1749771	44.62350208	127.172640 
195.2986833	44.21233098	127.987270 
195.4501739	43.7014629	128.996950 
195.6150096	43.13869935	130.099210 
195.7810082	42.57722937	131.201360 
195.9450888	42.03570868	132.303340 
196.105965	41.5027783	133.405310 
196.2641111	40.97658863	134.507280 
196.419072	40.46043753	135.609230 
196.5663086	39.97080593	136.711210 
196.7099466	39.49537975	137.813170 
196.8519367	39.03526756	138.915010 
196.9896555	38.5957497	140.016820 
197.1229421	38.17173857	141.118640 
197.2526586	37.76472242	142.220440 
197.3769057	37.37887757	143.322250 
197.4986152	37.00361669	144.424060 
197.620969	36.63924465	145.525700 
197.7383625	36.29591695	146.627370 
197.8521928	35.96374722	147.729070 
197.9641331	35.64016111	148.830760 
198.075693	35.32515047	149.932380 
198.1843611	35.01731054	151.034040 
198.2955858	34.71420436	152.135510 
198.4060382	34.41624462	153.236940 
198.5157463	34.12152381	154.338360 
198.6252489	33.82947422	155.439750 
198.7324896	33.54063798	156.541200 
198.8393	33.26077276	157.642560 
198.945647	32.98970797	158.743860 
199.0524128	32.7278562	159.845020 
199.1565189	32.48003718	160.946180 
199.2586488	32.2433781	162.047330 
199.3571609	32.01928623	163.148560 
199.4521895	31.8216863	164.249730 
199.5441474	31.64269922	165.350890 
199.6336531	31.4781057	166.452050 
199.7200537	31.33160656	167.553220 
199.7995335	31.21663363	168.635850 
199.8733058	31.12371024	169.682580 
199.9401012	31.05680344	170.678050 
199.997565	31.01328597	171.609700 
200.0491541	30.97827957	172.467760 
200.0912978	30.96842589	173.245780 
200.1282691	30.96400221	173.940370 
200.1579379	30.97923939	174.551120 
200.1834531	30.9931965	175.080160 
200.2039332	31.0100633	175.531740 
200.2211531	31.02425743	175.911620 
200.2350068	31.03920848	176.226630 
200.2460193	31.0536816	176.484190 
200.2549066	31.0653451	176.691850 
200.2619776	31.0746244	176.857010 
200.2680956	31.07791308	176.986590 
200.2749416	31.06581386	177.086910 
200.2857274	31.02025241	177.163570 
200.3108987	30.8830951	177.221200 

          71 
203.5476	46.76601803	124.086400 
203.5187454	46.89089494	124.111410 
203.5051222	46.95332017	124.144620 
203.4942666	47.00567784	124.188470 
203.4854916	47.05061952	124.246080 
203.4799217	47.08384062	124.321350 
203.4798135	47.09619483	124.419180 
203.4903327	47.06603539	124.545640 
203.5083834	47.00770114	124.708240 
203.5314286	46.93230486	124.916180 
203.5607602	46.83623807	125.180630 
203.5985228	46.71587306	125.515100 
203.6473511	46.55634029	125.935820 
203.7124094	46.33607995	126.462120 
203.8017054	46.02265582	127.116810 
203.9153671	45.61852041	127.926620 
204.0566712	45.11480931	128.931010 
204.2093347	44.56101544	130.028360 
204.3609163	44.01013513	131.125670 
204.5138021	43.47415543	132.222800 
204.6628896	42.94941697	133.319930 
204.8092193	42.43194771	134.417050 
204.9526225	41.92401731	135.514150 
205.088008	41.44030236	136.611310 
205.2208346	40.97150507	137.708420 
205.3514329	40.52031924	138.805450 
205.4773131	40.0894254	139.902460 
205.5994456	39.67181006	140.999490 
205.7174734	39.26878757	142.096520 
205.8294179	38.89089055	143.193580 
205.9401513	38.5233091	144.290580 
206.048681	38.1658955	145.387570 
206.1538826	37.82752405	146.484520 
206.2576491	37.5003432	147.581430 
206.3583888	37.18233268	148.678370 
206.456674	36.87304941	149.775330 
206.553369	36.56974497	150.872290 
206.6512404	36.27058732	151.969150 
206.749354	35.97591363	153.065950 
206.8466923	35.68408995	154.162750 
206.9432188	35.39457676	155.259540 
207.038927	35.10819501	156.356330 
207.1331926	34.82946444	157.453110 
207.2278559	34.55849234	158.549800 
207.3220729	34.29658568	159.646420 
207.4134779	34.04911675	160.743050 
207.5019079	33.81164223	161.839720 
207.5893867	33.58553371	162.936340 
207.6713109	33.38877457	164.032990 
207.7505456	33.20793075	165.129630 
207.8273781	33.04122177	166.226270 
207.900695	32.8954686	167.322920 
207.9683299	32.78003235	168.401520 
208.030946	32.68589139	169.445200 
208.0868529	32.61932321	170.439020 
208.1349567	32.57367089	171.370590 
208.1773972	32.53885015	172.230290 
208.2119001	32.53017647	173.011610 
208.2421974	32.52567765	173.711030 
208.2652923	32.54078591	174.327930 
208.2853676	32.55390411	174.864120 
208.3013848	32.57303531	175.323470 
208.314874	32.58942597	175.711440 
208.3258783	32.60370864	176.034550 
208.3345581	32.616348	176.299970 
208.3415979	32.62659393	176.515020 
208.3472185	32.63478271	176.686940 
208.3517484	32.64062822	176.822560 
208.3586068	32.62404568	176.928160 
208.3708356	32.57583796	177.009210 
208.3960034	32.42959906	177.070800 

          71
212.2019014	48.15440399	124.019200 
212.1716487	48.29288709	124.045820 
212.1563156	48.36263263	124.081170 
212.1438975	48.42062609	124.127570 
212.1331969	48.4721535	124.188160 
212.1257447	48.51081154	124.266870 
212.122453	48.53300505	124.368600 
212.1306542	48.50715137	124.499380 
212.1426	48.46821692	124.666610 
212.1632256	48.39808849	124.879300 
212.1894721	48.30816546	125.148390 
212.2236498	48.18707055	125.487000 
212.268933	48.02432909	125.910790 
212.3309558	47.79723912	126.438300 
212.4158835	47.47980622	127.091320 
212.5208116	47.07847687	127.895310 
212.6505736	46.58262519	128.882880 
212.7932743	46.03113507	129.974790 
212.9336015	45.48320269	131.066700 
213.0763708	44.94938717	132.158450 
213.2152388	44.42705016	133.250210 
213.3510937	43.9132657	134.341960 
213.4835773	43.41143182	135.433710 
213.6097076	42.92912418	136.525480 
213.7315564	42.46176571	137.617260 
213.8508061	42.01326048	138.708980 
213.9648656	41.5883516	139.800690 
214.0763985	41.17507921	140.892380 
214.1840572	40.77394657	141.984090 
214.2859656	40.39923905	143.075810 
214.3854457	40.03580792	144.167510 
214.4822623	39.68333027	145.259210 
214.5762212	39.34750423	146.350890 
214.6681128	39.0224217	147.442550 
214.7570689	38.70670279	148.534240 
214.8439775	38.40080069	149.625920 
214.9293724	38.0997211	150.717600 
215.0146165	37.80219	151.809260 
215.1011509	37.5086466	152.900850 
215.1866323	37.21759213	153.992440 
215.2712237	36.92861521	155.084030 
215.355571	36.64274451	156.175610 
215.4374052	36.36310582	157.267210 
215.5186248	36.09081175	158.358780 
215.6007038	35.82887907	159.450260 
215.6789472	35.58025848	160.541780 
215.7562573	35.34132989	161.633270 
215.8316769	35.11264063	162.724760 
215.9015469	34.91634869	163.816250 
215.9685752	34.73374922	164.907750 
216.0328132	34.56487786	165.999270 
216.0929709	34.41983327	167.090790 
216.1485213	34.30391763	168.164770 
216.199651	34.20968028	169.204800 
216.2437385	34.14379142	170.196320 
216.2823027	34.09680234	171.127100 
216.3159429	34.06364742	171.987700 
216.3421413	34.05554875	172.771580 
216.364374	34.05431186	173.475120 
216.3816989	34.06856116	174.097420 
216.3965754	34.08254053	174.640050 
216.4075208	34.10302584	175.106560 
216.4164037	34.12213501	175.502100 
216.4240072	34.13753743	175.832860 
216.4310273	34.14835477	176.105730 
216.4367455	34.15715494	176.327860 
216.4413395	34.1642247	176.506310 
216.4449799	34.16983106	176.647820 
216.4514549	34.15048487	176.758600 
216.4618654	34.10114761	176.844240 
216.4884974	33.9450959	176.909600 

          71
220.8111492	49.74352698	123.999900 
220.7774246	49.8979389	124.028290 
220.7597301	49.97770496	124.065750 
220.7455306	50.04246566	124.114640 
220.7329476	50.10064978	124.178140 
220.7226263	50.14957697	124.260190 
220.7189871	50.1700585	124.365640 
220.7205508	50.16886376	124.500490 
220.7278941	50.14471624	124.672020 
220.7441408	50.08589389	124.889090 
220.7666756	50.00195653	125.162330 
220.7988789	49.87703673	125.504500 
220.842526	49.70569657	125.930680 
220.9036391	49.46236587	126.458670 
220.9859618	49.13064159	127.109300 
221.0867609	48.71957464	127.906750 
221.2091765	48.21529328	128.880140 
221.3452754	47.64858945	129.966300 
221.4800332	47.08656214	131.052440 
221.616098	46.54179415	132.138480 
221.7482796	46.00717718	133.224530 
221.8768763	45.48199596	134.310580 
222.0012145	44.96908039	135.396650 
222.1201323	44.47876862	136.482700 
222.2348538	44.00253836	137.568770 
222.3464353	43.54163015	138.654810 
222.452235	43.11119409	139.740830 
222.5542057	42.69310412	140.826870 
222.6522073	42.28725724	141.912920 
222.7449599	41.90506	142.998960 
222.8350175	41.53590115	144.085010 
222.9233605	41.1791368	145.171020 
223.0067407	40.84001727	146.257060 
223.0878304	40.51034509	147.343100 
223.1670878	40.18878084	148.429140 
223.242654	39.87871578	149.515200 
223.3179147	39.57342818	150.601240 
223.3930969	39.27133632	151.687260 
223.4692299	38.97243488	152.773250 
223.5437937	38.67605215	153.859240 
223.6174213	38.38175781	154.945240 
223.6900231	38.09066801	156.031250 
223.7617546	37.80512323	157.117240 
223.832255	37.52680406	158.203230 
223.9014823	37.25954376	159.289190 
223.9677832	37.00574506	160.375160 
224.0332197	36.76165833	161.461120 
224.0966432	36.52806741	162.547070 
224.1550155	36.32812713	163.633000 
224.2105895	36.14179026	164.718950 
224.2632245	35.96921051	165.804910 
224.3114719	35.82334988	166.890860 
224.3546859	35.70632009	167.959800 
224.3934534	35.61230108	168.995730 
224.4265198	35.54704553	169.984420 
224.454984	35.49981051	170.913900 
224.4786701	35.46999508	171.774830 
224.4961546	35.46345722	172.560680 
224.5098687	35.46707068	173.267710 
224.5206183	35.48265426	173.894820 
224.5297197	35.49950017	174.443310 
224.5362092	35.52267515	174.916440 
224.5411429	35.54613432	175.319030 
224.5453674	35.56536409	175.657020 
224.5495169	35.57496173	175.937040 
224.5529105	35.58280981	176.166000 
224.5556526	35.58914558	176.350810 
224.5578389	35.59419639	176.498090 
224.5635456	35.57351754	176.613990 
224.5736654	35.52167547	176.704060 
224.6013015	35.35609614	176.773200 

          71
229.2653501	52.01837199	124.114700 
229.2271935	52.18423069	124.145010 
229.2077157	52.27048079	124.184560 
229.1911316	52.34413784	124.235920 
229.1763234	52.41023481	124.302250 
229.1636472	52.46729159	124.387500 
229.1579878	52.49410916	124.496500 
229.1534527	52.51658896	124.635180 
229.1603194	52.4904691	124.810720 
229.1746765	52.43295148	125.031760 
229.1972917	52.33948672	125.308680 
229.2302326	52.20079217	125.653800 
229.2791744	51.99259614	126.081690 
229.3458975	51.71025459	126.609420 
229.431585	51.34311453	127.256860 
229.5365713	50.88653496	128.046980 
229.6636386	50.33283399	129.002140 
229.8053263	49.7067108	130.081970 
229.9451738	49.08809444	131.161790 
230.0834411	48.48352404	132.241580 
230.2184736	47.89565719	133.321360 
230.3494875	47.31698529	134.401150 
230.4764674	46.74871339	135.480930 
230.5959484	46.21389629	136.560720 
230.7100146	45.69475659	137.640510 
230.8213242	45.1903724	138.720280 
230.9246198	44.71500485	139.800070 
231.023308	44.26297049	140.879860 
231.1181916	43.82740901	141.959630 
231.2073036	43.40988918	143.039430 
231.2928754	43.00985541	144.119220 
231.3757205	42.62318563	145.199000 
231.4533809	42.25710196	146.278790 
231.5281593	41.90281783	147.358590 
231.5996497	41.55657223	148.438390 
231.6700372	41.2212031	149.518190 
231.7386752	40.89299471	150.597980 
231.8064478	40.56765867	151.677770 
231.8741737	40.24446986	152.757550 
231.9407604	39.92458204	153.837340 
232.0070598	39.60725026	154.917110 
232.0713383	39.29325333	155.996900 
232.1337765	38.98625428	157.076690 
232.1953749	38.68790758	158.156470 
232.2558407	38.3999458	159.236240 
232.312985	38.12934106	160.316010 
232.3684868	37.86922533	161.395780 
232.4213688	37.62016618	162.475550 
232.4681807	37.40932192	163.555320 
232.5122642	37.21421567	164.635080 
232.5536732	37.03444904	165.714850 
232.5893622	36.88397259	166.794630 
232.6200836	36.76660005	167.857870 
232.6468578	36.6744565	168.889010 
232.6674106	36.61241496	169.874200 
232.6845891	36.56967345	170.801670 
232.698144	36.54815028	171.662200 
232.7066635	36.54862526	172.449290 
232.7118557	36.56113092	173.159080 
232.7145033	36.58466999	173.790330 
232.7160361	36.61026246	174.344050 
232.7162701	36.64125741	174.823230 
232.7158206	36.67367362	175.232400 
232.7154435	36.70098135	175.577200 
232.7164639	36.71338183	175.864000 
232.7173362	36.72299594	176.099520 
232.7180395	36.73079191	176.290480 
232.7186027	36.73703657	176.443380 
232.7230519	36.71667021	176.564310 
232.7328756	36.66045567	176.658780 
232.7609017	36.48790427	176.731700 

          71
237.7802574	54.01727221	124.260900 
237.7400904	54.19067661	124.292840 
237.7190279	54.28223344	124.334480 
237.7009259	54.36050493	124.388220 
237.6843686	54.43164476	124.457280 
237.6693976	54.49541066	124.545550 
237.6615557	54.52763227	124.657840 
237.652529	54.5644137	124.799980 
237.661212	54.52662622	124.978990 
237.6751624	54.46600951	125.203300 
237.6982446	54.36038774	125.482970 
237.7309376	54.20999322	125.829880 
237.7804039	53.98334812	126.258000 
237.8513361	53.66827608	126.783640 
237.9393723	53.26814121	127.425690 
238.0448984	52.78149351	128.205860 
238.1705177	52.1979932	129.140110 
238.312545	51.52859901	130.210810 
238.4529954	50.8696626	131.281510 
238.5907423	50.23152411	132.352220 
238.7239431	49.60411713	133.422920 
238.8521223	48.99643133	134.493630 
238.9756005	48.40408978	135.564330 
239.0928578	47.83065742	136.635040 
239.2042814	47.28383171	137.705740 
239.3091667	46.75614829	138.776450 
239.4093025	46.25465254	139.847150 
239.5014578	45.77823131	140.917860 
239.5914278	45.31887743	141.988560 
239.6748111	44.88221641	143.059260 
239.7547955	44.46311577	144.129970 
239.8295181	44.05806781	145.200680 
239.8999695	43.67316141	146.271380 
239.9664604	43.30576764	147.342090 
240.0309392	42.94614725	148.412800 
240.092299	42.59462055	149.483500 
240.1520361	42.25328594	150.554210 
240.2106141	41.91404261	151.624920 
240.269332	41.57600794	152.695630 
240.3270736	41.24104493	153.766330 
240.3837472	40.90917605	154.837040 
240.4392658	40.58093664	155.907750 
240.491946	40.26005641	156.978450 
240.5438633	39.94844844	158.049160 
240.5938538	39.64657144	159.119870 
240.6399656	39.36572176	160.190580 
240.6839365	39.09598218	161.261280 
240.7271443	38.83809165	162.331990 
240.7624103	38.61887015	163.402700 
240.79467	38.41708578	164.473400 
240.8241217	38.23183708	165.544110 
240.8479587	38.08138367	166.614820 
240.866464	37.96409614	167.669510 
240.8808203	37.87289921	168.693110 
240.8898306	37.81561189	169.672120 
240.8957829	37.77780447	170.595060 
240.8976092	37.76615678	171.452870 
240.8967836	37.77142246	172.239050 
240.8939807	37.78916555	172.949690 
240.8896024	37.81925767	173.583340 
240.8847283	37.85434824	174.140810 
240.8790911	37.89264821	174.624790 
240.8726659	37.93366331	175.039490 
240.8672201	37.96835536	175.390270 
240.864581	37.98502937	175.683220 
240.8627784	37.99632965	175.924810 
240.8613174	38.00552589	176.121580 
240.8601398	38.01292432	176.279880 
240.8629849	37.99482818	176.405710 
240.8723298	37.93541168	176.504520 
240.9003961	37.75690147	176.581200 

1
