73
32
116.324 35.3681 126.027
119.24 35.7199 125.885
125.07 36.4158 125.533
133.818 37.4221 125.137
142.535 38.6642 124.723
151.278 39.7871 124.74
160.02 40.8792 124.999
168.749 42.0334 124.917
177.469 43.1249 124.585
186.193 44.1593 124.337
194.893 45.3289 124.154
203.549 46.7495 124.068
212.216 48.0525 123.995
220.889 49.4008 123.933
229.228 52.1547 124.099
285.876 64.8555 124.91
67.3692 29.296 128.387
125.07 36.4158 125.533
133.818 37.4221 125.137
142.535 38.6642 124.723
151.278 39.7871 124.74
160.02 40.8792 124.999
168.749 42.0334 124.917
177.469 43.1249 124.585
186.193 44.1593 124.337
194.893 45.3289 124.154
203.549 46.7495 124.068
212.216 48.0525 123.995
220.889 49.4008 123.933
229.228 52.1547 124.099
234.953 53.3054 124.217
237.78 54.0173 124.261

32
116.343 35.3141 126.052
119.259 35.6671 125.909
125.087 36.3663 125.561
133.833 37.3745 125.158
142.548 38.622 124.74
151.289 39.7509 124.753
160.03 40.8463 125.012
168.758 42.0039 124.928
177.478 43.0936 124.596
186.201 44.1261 124.353
194.902 45.2943 124.17
203.558 46.7123 124.086
212.225 48.0116 124.016
220.9 49.3562 123.96
229.24 52.1061 124.127
285.896 64.7833 124.934
67.3474 29.3739 128.413
125.056 36.4699 125.552
133.806 37.4715 125.155
142.525 38.7071 124.739
151.27 39.8232 124.754
160.013 40.9123 125.013
168.742 42.0632 124.927
177.462 43.1563 124.597
186.185 44.1933 124.352
194.885 45.3643 124.169
203.541 46.7881 124.084
212.206 48.0956 124.012
220.879 49.4506 123.95
229.216 52.2081 124.118
234.941 53.3595 124.237
237.768 54.0725 124.28

32
116.372 35.213 126.027
119.287 35.5683 125.885
125.112 36.2684 125.525
133.856 37.287 125.139
142.567 38.5439 124.726
151.305 39.6832 124.746
160.044 40.7843 125.005
168.77 41.9511 124.918
177.491 43.0352 124.592
186.214 44.0622 124.339
194.916 45.2277 124.157
203.574 46.6402 124.07
212.243 47.9314 123.994
220.92 49.2634 123.924
229.262 52.0088 124.092
285.93 64.6601 124.919
67.301 29.5118 128.401
125.028 36.5649 125.539
133.78 37.5582 125.143
142.502 38.784 124.728
151.25 39.8899 124.745
159.996 40.9725 125.003
168.727 42.1161 124.919
177.447 43.2135 124.591
186.168 44.256 124.34
194.868 45.4299 124.16
203.523 46.8597 124.074
212.189 48.1747 124.001
220.859 49.5397 123.94
229.194 52.3034 124.106
234.918 53.4565 124.226
237.744 54.1713 124.269

32
116.41 35.1142 126.105
119.323 35.4716 125.961
125.145 36.1885 125.608
133.886 37.1991 125.199
142.595 38.4627 124.778
151.33 39.6062 124.788
160.066 40.7156 125.043
168.789 41.8924 124.952
177.509 42.9677 124.625
186.233 44 124.386
194.934 45.1609 124.206
203.592 46.5706 124.126
212.261 47.8593 124.058
220.936 49.1932 124.002
229.28 51.9293 124.173
285.968 64.514 125.008
67.2594 29.6739 128.48
125.002 36.6722 125.594
133.758 37.6576 125.194
142.484 38.8701 124.775
151.234 39.9656 124.787
159.981 41.0398 125.043
168.714 42.1768 124.949
177.433 43.2799 124.625
186.156 44.3225 124.383
194.854 45.5026 124.201
203.507 46.9373 124.121
212.17 48.2611 124.05
220.837 49.6409 123.989
229.17 52.412 124.161
234.893 53.5675 124.281
237.719 54.2845 124.326

32
116.443 35.0235 126.16
119.355 35.3846 126.015
125.173 36.1146 125.656
133.91 37.1326 125.254
142.616 38.4003 124.831
151.349 39.5453 124.841
160.083 40.6612 125.089
168.803 41.8458 124.985
177.524 42.9188 124.672
186.247 43.9499 124.431
194.948 45.1073 124.254
203.606 46.5128 124.175
212.275 47.7996 124.108
220.95 49.1321 124.052
229.296 51.8587 124.225
286.003 64.3759 125.074
67.2296 29.8002 128.551
124.985 36.747 125.646
133.743 37.7271 125.244
142.471 38.9303 124.823
151.223 40.0202 124.832
159.971 41.0903 125.08
168.705 42.2202 124.982
177.424 43.3246 124.665
186.146 44.3707 124.422
194.844 45.5507 124.247
203.495 46.9926 124.166
212.157 48.3216 124.1
220.823 49.7089 124.043
229.151 52.4911 124.214
234.875 53.6472 124.337
237.7 54.3665 124.383

32
116.485 34.9086 126.229
119.394 35.2743 126.083
125.207 36.0203 125.72
133.941 37.0477 125.316
142.643 38.3199 124.891
151.374 39.4652 124.899
160.104 40.5907 125.141
168.821 41.7908 125.029
177.542 42.8549 124.721
186.265 43.8833 124.483
194.966 45.037 124.31
203.625 46.4372 124.234
212.294 47.7216 124.17
220.968 49.0528 124.117
229.317 51.7674 124.293
286.045 64.2025 125.159
67.2043 29.9196 128.64
124.972 36.8124 125.711
133.731 37.7876 125.308
142.46 38.9858 124.882
151.213 40.0707 124.889
159.963 41.1325 125.134
168.697 42.2631 125.021
177.416 43.3661 124.714
186.138 44.4098 124.477
194.836 45.5939 124.302
203.486 47.0395 124.226
212.145 48.3775 124.16
220.811 49.7691 124.108
229.135 52.5617 124.282
234.858 53.719 124.407
237.682 54.4404 124.454

32
116.538 34.7636 126.317
119.445 35.1347 126.17
125.251 35.9013 125.801
133.979 36.9387 125.397
142.678 38.215 124.969
151.407 39.3583 124.976
160.133 40.4967 125.21
168.844 41.7166 125.085
177.566 42.7699 124.787
186.289 43.7951 124.553
194.99 44.9446 124.383
203.65 46.3384 124.311
212.318 47.6204 124.251
220.992 48.9505 124.201
229.344 51.6501 124.38
286.096 63.9848 125.264
67.1829 30.0305 128.748
124.961 36.8769 125.789
133.722 37.8475 125.385
142.455 39.0269 124.964
151.209 40.1084 124.97
159.959 41.1697 125.204
168.692 42.2974 125.079
177.412 43.3974 124.782
186.134 44.4404 124.549
194.831 45.6274 124.378
203.48 47.0769 124.305
212.139 48.4127 124.246
220.798 49.8304 124.189
229.12 52.6285 124.367
234.842 53.7897 124.492
237.665 54.5137 124.539

32
116.604 34.5818 126.426
119.507 34.9593 126.278
125.306 35.7519 125.903
134.028 36.7994 125.499
142.723 38.079 125.071
151.45 39.2165 125.079
160.171 40.372 125.301
168.876 41.6169 125.16
177.597 42.6573 124.874
186.32 43.6791 124.645
195.022 44.824 124.479
203.681 46.2102 124.411
212.349 47.4896 124.354
221.022 48.819 124.309
229.379 51.5001 124.491
286.156 63.7143 125.394
67.1899 30.0664 128.913
124.967 36.8918 125.901
133.726 37.8634 125.496
142.452 39.0847 125.07
151.209 40.1343 125.084
159.96 41.187 125.302
168.691 42.3246 125.157
177.413 43.4136 124.877
186.135 44.4538 124.649
194.832 45.6357 124.483
203.479 47.09 124.414
212.13 48.4635 124.354
220.797 49.8373 124.306
229.117 52.6426 124.489
234.838 53.8075 124.618
237.661 54.5319 124.667

32
116.685 34.3578 126.557
119.584 34.7422 126.409
125.375 35.565 126.029
134.09 36.6222 125.629
142.781 37.9036 125.201
151.506 39.0295 125.215
160.22 40.2077 125.421
168.917 41.4838 125.261
177.639 42.5091 124.989
186.361 43.5273 124.765
195.062 44.6673 124.604
203.722 46.0444 124.541
212.389 47.3218 124.487
221.06 48.6511 124.443
229.422 51.3096 124.63
286.231 63.3861 125.519
67.1461 30.365 129.076
124.97 36.9228 126.031
133.739 37.8693 125.632
142.479 39.0034 125.2
151.233 40.0717 125.223
159.977 41.1635 125.437
168.702 42.3267 125.273
177.428 43.3716 124.998
186.152 44.399 124.77
194.847 45.5899 124.61
203.493 47.0462 124.545
212.148 48.3883 124.487
220.803 49.8331 124.448
229.105 52.6894 124.632
234.825 53.8654 124.761
237.644 54.6022 124.811

32
116.781 34.094 126.733
119.677 34.4844 126.583
125.458 35.3355 126.184
134.167 36.3999 125.791
142.855 37.6807 125.362
151.578 38.7851 125.387
160.285 39.9927 125.577
168.972 41.3071 125.395
177.693 42.3154 125.137
186.413 43.3303 124.917
195.114 44.4655 124.759
203.774 45.8311 124.698
212.439 47.1112 124.649
221.107 48.4454 124.612
229.475 51.0762 124.808
286.295 63.0723 125.769
67.2304 30.05 129.258
124.997 36.9098 126.204
133.76 37.8655 125.808
142.501 38.9927 125.386
151.267 39.9737 125.397
160.014 41.0444 125.574
168.732 42.2396 125.397
177.457 43.2852 125.138
186.178 44.3219 124.92
194.872 45.5076 124.762
203.514 46.9677 124.705
212.158 48.3646 124.665
220.807 49.8231 124.625
229.115 52.6521 124.815
234.84 53.7997 124.946
237.661 54.5284 124.996

32
116.898 33.7692 126.944
119.789 34.1676 126.792
125.557 35.061 126.37
134.261 36.1272 125.994
142.945 37.4146 125.581
151.669 38.4835 125.62
160.367 39.7179 125.785
169.042 41.0745 125.566
177.762 42.0694 125.331
186.48 43.0868 125.121
195.178 44.22 124.97
203.837 45.5802 124.918
212.498 46.8694 124.873
221.161 48.2094 124.839
229.541 50.791 125.016
286.381 62.6593 126.007
67.2706 30.1273 129.604
125.049 36.785 126.382
133.811 37.7514 126.004
142.553 38.8601 125.582
151.315 39.85 125.626
160.055 40.9457 125.784
168.768 42.1417 125.566
177.489 43.1948 125.332
186.207 44.2374 125.121
194.898 45.4304 124.97
203.538 46.8933 124.918
212.182 48.2781 124.874
220.826 49.7561 124.843
229.131 52.5913 125.041
234.854 53.7406 125.175
237.674 54.4713 125.229

32
117.039 33.3723 127.188
119.924 33.7816 127.036
125.674 34.7494 126.618
134.372 35.8054 126.23
143.055 37.0812 125.833
151.781 38.107 125.904
160.471 39.3643 126.02
169.13 40.7827 125.799
177.848 41.7609 125.578
186.563 42.7804 125.37
195.258 43.9094 125.211
203.915 45.2587 125.156
212.571 46.5669 125.13
221.229 47.9173 125.098
229.609 50.4876 125.304
286.482 62.1322 126.312
67.3842 29.8142 129.871
125.112 36.6753 126.635
133.87 37.6382 126.274
142.614 38.7264 125.858
151.377 39.684 125.922
160.108 40.8109 126.049
168.81 42.0422 125.803
177.528 43.0921 125.588
186.243 44.14 125.384
194.931 45.3348 125.234
203.569 46.7904 125.186
212.208 48.1899 125.15
220.846 49.6834 125.125
229.154 52.4961 125.324
234.879 53.6323 125.457
237.699 54.3579 125.511

32
117.2 32.9223 127.492
120.078 33.3476 127.346
125.81 34.3707 126.893
134.496 35.4819 126.584
143.181 36.7107 126.185
151.911 37.6794 126.287
160.588 38.9897 126.38
169.237 40.4126 126.088
177.95 41.391 125.899
186.658 42.4249 125.701
195.345 43.5815 125.558
203.996 44.9436 125.52
212.65 46.2387 125.48
221.298 47.6145 125.462
229.686 50.1443 125.665
286.612 61.4461 126.564
67.538 29.4474 130.286
125.203 36.4767 126.913
133.957 37.4311 126.583
142.696 38.5288 126.194
151.453 39.4881 126.313
160.174 40.6462 126.393
168.865 41.9043 126.103
177.578 42.9552 125.914
186.288 44.011 125.717
194.971 45.2132 125.569
203.606 46.6743 125.53
212.243 48.0696 125.495
220.879 49.5546 125.468
229.187 52.3575 125.681
234.911 53.487 125.814
237.731 54.2095 125.869

32
117.379 32.4372 127.886
120.251 32.8712 127.741
125.966 33.9555 127.26
134.646 35.0604 126.973
143.333 36.2645 126.609
152.061 37.1966 126.799
160.727 38.5444 126.818
169.365 39.9752 126.46
178.071 40.9543 126.298
186.769 42.0124 126.117
195.447 43.1951 125.977
204.092 44.5611 125.944
212.741 45.8603 125.913
221.383 47.2443 125.896
229.779 49.7259 126.099
286.703 60.878 127.098
67.7646 28.7507 130.611
125.319 36.2399 127.274
134.067 37.1729 126.978
142.801 38.2854 126.625
151.553 39.2256 126.815
160.259 40.4386 126.837
168.934 41.7268 126.492
177.641 42.7796 126.331
186.345 43.8476 126.141
195.022 45.0635 125.995
203.655 46.5155 125.961
212.288 47.9105 125.929
220.916 49.4026 125.909
229.242 52.1261 126.108
234.96 53.2628 126.248
237.781 53.9746 126.303

32
117.58 31.8825 128.345
120.448 32.3211 128.204
126.147 33.4573 127.684
134.827 34.5398 127.454
143.516 35.7288 127.142
152.247 36.5897 127.422
160.892 38.0154 127.384
169.508 39.5119 126.996
178.206 40.4982 126.862
186.896 41.563 126.676
195.565 42.7536 126.52
204.205 44.114 126.486
212.847 45.4188 126.456
221.485 46.7929 126.431
229.893 49.2176 126.632
286.83 60.1615 127.56
68.0157 28.0616 131.132
125.463 35.9199 127.699
134.206 36.8419 127.463
142.938 37.9545 127.157
151.687 38.8476 127.439
160.371 40.1522 127.405
169.02 41.5297 127.021
177.721 42.5748 126.882
186.417 43.657 126.7
195.088 44.8724 126.542
203.721 46.2901 126.498
212.35 47.6869 126.469
220.975 49.1635 126.445
229.313 51.836 126.644
235.033 52.9493 126.775
237.857 53.6483 126.828

32
117.81 31.2575 128.91
120.673 31.695 128.772
126.357 32.869 128.169
135.041 33.9118 128.031
143.735 35.0756 127.785
152.472 35.8356 128.205
161.096 37.3561 128.076
169.688 38.9134 127.635
178.376 39.9023 127.524
187.054 40.9865 127.342
195.71 42.2003 127.172
204.342 43.5614 127.14
212.978 44.8692 127.107
221.61 46.2429 127.075
230.026 48.6088 127.28
286.935 59.472 128.24
68.3062 27.342 131.777
125.64 35.5069 128.198
134.379 36.4203 128.053
143.113 37.5083 127.801
151.863 38.3395 128.232
160.526 39.7314 128.1
169.153 41.1597 127.651
177.845 42.2016 127.536
186.532 43.2863 127.353
195.191 44.5251 127.187
203.812 45.9753 127.16
212.437 47.3604 127.123
221.058 48.8265 127.093
229.401 51.4616 127.299
235.122 52.5512 127.42
237.946 53.2396 127.472

32
118.074 30.5255 129.572
120.933 30.9649 129.445
126.593 32.2492 128.812
135.289 33.1951 128.747
143.992 34.3033 128.587
152.731 34.9759 129.19
161.339 36.5654 128.969
169.906 38.1668 128.437
178.581 39.1678 128.338
187.243 40.2851 128.173
195.881 41.5513 127.988
204.502 42.9156 127.963
213.129 44.2311 127.917
221.747 45.6251 127.892
230.178 47.9028 128.078
287.06 58.645 128.968
68.6461 26.481 132.497
125.851 35.0241 128.808
134.59 35.8926 128.763
143.329 36.9539 128.606
152.078 37.7097 129.202
160.722 39.1808 128.988
169.321 40.6772 128.467
177.999 41.7349 128.371
186.672 42.8454 128.199
195.316 44.1142 128.006
203.928 45.559 127.98
212.543 46.9581 127.936
221.154 48.4284 127.902
229.51 50.9894 128.093
235.227 52.0733 128.209
238.052 52.7497 128.257

32
118.374 29.6755 130.353
121.228 30.1171 130.241
126.865 31.4946 129.516
135.572 32.3584 129.631
144.279 33.4244 129.569
153.012 34.0502 130.255
161.602 35.7008 130.001
170.143 37.3572 129.441
178.801 38.4049 129.358
187.446 39.5442 129.187
196.069 40.8372 128.97
204.681 42.194 128.938
213.295 43.5299 128.886
221.904 44.9172 128.845
230.347 47.1057 129.02
287.205 57.6701 129.818
69.0388 25.4869 133.344
126.096 34.4513 129.53
134.841 35.2508 129.642
143.579 36.288 129.581
152.319 37.0231 130.279
160.943 38.5533 130.018
169.516 40.1016 129.449
178.178 41.1904 129.361
186.834 42.3291 129.194
195.462 43.6321 128.979
204.065 45.0734 128.952
212.669 46.4829 128.896
221.269 47.9571 128.857
229.639 50.4331 129.035
235.351 51.508 129.141
238.178 52.1698 129.186

32
118.714 28.7154 131.289
121.56 29.1614 131.189
127.174 30.6294 130.396
135.884 31.411 130.645
144.582 32.4753 130.641
153.293 33.1713 131.373
161.872 34.8123 131.109
170.397 36.4647 130.509
179.035 37.5499 130.415
187.663 38.727 130.254
196.268 40.0558 130.026
204.867 41.4314 130.008
213.469 42.7743 129.939
222.069 44.1572 129.885
230.522 46.2636 130.058
287.342 56.6452 130.784
69.5058 24.3224 134.326
126.383 33.7682 130.411
135.123 34.5094 130.663
143.851 35.5569 130.664
152.574 36.323 131.38
161.18 37.8779 131.121
169.729 39.4673 130.537
178.371 40.5918 130.443
187.01 41.7589 130.278
195.621 43.0906 130.046
204.213 44.5357 130.018
212.805 45.9555 129.951
221.395 47.4277 129.903
229.777 49.8214 130.072
235.486 50.8797 130.166
238.313 51.5258 130.207

32
119.083 27.6894 132.329
121.922 28.1463 132.238
127.514 29.6574 131.403
136.21 30.4352 131.759
144.881 31.5676 131.786
153.57 32.3401 132.453
162.134 33.969 132.209
170.646 35.6259 131.64
179.262 36.7638 131.545
187.871 37.9715 131.375
196.46 39.31 131.136
205.049 40.6705 131.098
213.639 42.026 131.027
222.225 43.4275 130.979
230.693 45.4317 131.142
287.475 55.5974 131.802
70.0103 23.1252 135.37
126.709 32.9656 131.416
135.43 33.716 131.773
144.132 34.8111 131.788
152.829 35.6585 132.465
161.416 37.2205 132.219
169.952 38.8066 131.643
178.573 39.975 131.544
187.192 41.1756 131.375
195.786 42.5267 131.142
204.363 43.9857 131.113
212.943 45.4135 131.041
221.523 46.8814 130.984
229.918 49.1941 131.153
235.626 50.2338 131.236
238.453 50.864 131.274

32
119.448 26.6589 133.441
122.281 27.1314 133.352
127.859 28.659 132.53
136.53 29.4974 132.891
145.175 30.6759 132.878
153.833 31.5556 133.546
162.385 33.1576 133.306
170.888 34.8067 132.75
179.488 35.9764 132.64
188.079 37.2219 132.469
196.652 38.5958 132.241
205.228 39.9697 132.204
213.808 41.3258 132.121
222.385 42.7203 132.06
230.863 44.6292 132.215
287.595 54.6331 132.845
70.503 21.9389 136.44
127.043 32.1292 132.544
135.738 32.9292 132.898
144.408 34.0934 132.899
153.079 35.0095 133.551
161.648 36.5721 133.314
170.168 38.1824 132.764
178.771 39.3877 132.657
187.372 40.6244 132.485
195.951 41.9975 132.25
204.518 43.4516 132.21
213.088 44.8864 132.132
221.654 46.3649 132.075
230.064 48.5735 132.23
235.763 49.6136 132.312
238.592 50.2287 132.348

32
119.793 25.6584 134.534
122.621 26.1489 134.449
128.188 27.6788 133.682
136.832 28.6056 134.011
145.445 29.8663 134.004
154.086 30.7833 134.618
162.624 32.3842 134.401
171.116 34.0361 133.87
179.697 35.2512 133.756
188.272 36.5284 133.58
196.833 37.9104 133.345
205.398 39.2909 133.303
213.964 40.6671 133.22
222.53 42.0653 133.155
231.016 43.8913 133.308
287.71 53.6457 133.821
70.9694 20.7886 137.393
127.37 31.2774 133.689
136.033 32.1804 134.026
144.674 33.3907 134.009
153.322 34.3614 134.628
161.872 35.9497 134.417
170.379 37.5645 133.88
178.963 38.8059 133.765
187.547 40.0759 133.589
196.111 41.4711 133.353
204.667 42.9317 133.31
213.225 44.3727 133.225
221.782 45.8497 133.16
230.2 47.9839 133.317
235.897 48.9996 133.383
238.726 49.5985 133.416

32
120.114 24.7537 135.669
122.937 25.2547 135.582
128.503 26.7321 134.818
137.117 27.7678 135.136
145.704 29.0881 135.122
154.322 30.0763 135.717
162.849 31.6662 135.508
171.335 33.2919 134.982
179.899 34.5521 134.863
188.458 35.8591 134.683
197.007 37.2457 134.44
205.561 38.6308 134.394
214.115 40.0249 134.31
222.671 41.4243 134.238
231.163 43.1747 134.386
287.791 52.859 134.905
71.3998 19.7965 138.441
127.687 30.4448 134.831
136.319 31.4434 135.147
144.931 32.7168 135.124
153.554 33.7517 135.718
162.091 35.3345 135.514
170.585 36.9553 134.994
179.153 38.2329 134.872
187.72 39.534 134.692
196.269 40.9488 134.455
204.813 42.4164 134.407
213.36 43.865 134.316
221.906 45.3443 134.245
230.334 47.3923 134.397
236.025 48.4064 134.458
238.854 48.992 134.488

32
120.42 23.8515 136.757
123.24 24.3692 136.677
128.798 25.8609 135.981
137.388 26.9751 136.26
145.955 28.3214 136.224
154.552 29.3649 136.785
163.065 30.9699 136.605
171.544 32.5928 136.097
180.091 33.8896 135.972
188.635 35.2289 135.79
197.168 36.6416 135.552
205.714 38.02 135.494
214.259 39.4082 135.401
222.802 40.8241 135.332
231.301 42.4882 135.459
287.885 52.0159 135.913
71.8194 18.7822 139.433
127.99 29.6543 135.984
136.596 30.7227 136.264
145.18 32.0574 136.238
153.781 33.1509 136.803
162.304 34.7321 136.61
170.789 36.3511 136.102
179.338 37.6715 135.976
187.889 39.0014 135.792
196.425 40.4304 135.552
204.958 41.9033 135.498
213.491 43.3706 135.407
222.025 44.8516 135.33
230.467 46.7961 135.465
236.149 47.8256 135.529
238.978 48.3984 135.557

32
120.709 23.0314 137.875
123.524 23.5592 137.796
129.08 25.0099 137.119
137.642 26.2222 137.387
146.19 27.6079 137.338
154.766 28.7293 137.881
163.272 30.3084 137.703
171.738 31.9482 137.224
180.271 33.2664 137.086
188.801 34.626 136.896
197.322 36.0586 136.658
205.856 37.4458 136.597
214.395 38.8182 136.489
222.933 40.2125 136.399
231.422 41.8834 136.562
287.971 51.1602 136.887
72.2335 17.7744 140.4
128.282 28.8829 137.131
136.859 30.0384 137.39
145.422 31.4042 137.343
154.003 32.5527 137.88
162.511 34.1503 137.708
170.979 35.7955 137.226
179.513 37.1437 137.09
188.047 38.5036 136.901
196.569 39.9507 136.66
205.092 41.4257 136.6
213.616 42.8929 136.499
222.14 44.3816 136.418
230.585 46.2689 136.559
236.267 47.2643 136.601
239.095 47.8223 136.626

32
120.999 22.263 138.988
123.808 22.7986 138.909
129.361 24.2254 138.268
137.898 25.4988 138.504
146.424 26.9416 138.453
154.981 28.1129 138.963
163.474 29.6915 138.808
171.934 31.3032 138.33
180.45 32.6582 138.189
188.964 34.0463 137.998
197.472 35.4884 137.757
205.995 36.8834 137.69
214.52 38.2803 137.586
223.045 39.6959 137.502
231.546 41.2512 137.628
288.017 50.5551 137.974
72.6459 16.8855 141.41
128.576 28.1448 138.278
137.124 29.3796 138.512
145.663 30.7941 138.459
154.222 31.9962 138.967
162.715 33.6009 138.81
171.172 35.2417 138.34
179.687 36.6251 138.198
188.205 38.0151 138.005
196.712 39.4807 137.763
205.223 40.958 137.696
213.737 42.4288 137.589
222.25 43.9217 137.504
230.701 45.7422 137.64
236.378 46.7309 137.676
239.207 47.2777 137.699

32
121.27 21.5266 140.096
124.077 22.0718 140.019
129.624 23.5058 139.428
138.147 24.8115 139.618
146.649 26.3159 139.569
155.189 27.5295 140.05
163.675 29.0762 139.894
172.122 30.7099 139.449
180.623 32.0918 139.299
189.123 33.4984 139.101
197.62 34.9478 138.857
206.129 36.3609 138.79
214.641 37.7736 138.682
223.157 39.1814 138.586
231.659 40.6747 138.71
288.064 49.8865 138.995
73.0245 16.0284 142.41
128.859 27.4375 139.424
137.384 28.7404 139.633
145.899 30.2026 139.57
154.437 31.4605 140.052
162.917 33.0609 139.909
171.364 34.7003 139.452
179.862 36.1134 139.301
188.363 37.5352 139.106
196.855 39.0243 138.865
205.354 40.5095 138.793
213.856 41.9875 138.681
222.361 43.4687 138.585
230.815 45.2208 138.715
236.485 46.2113 138.747
239.311 46.7473 138.768

32
121.531 20.8236 141.198
124.334 21.3816 141.126
129.881 22.7922 140.567
138.375 24.2048 140.756
146.865 25.7078 140.679
155.388 26.9617 141.129
163.86 28.5333 141.004
172.302 30.143 140.563
180.787 31.5573 140.408
189.272 32.9957 140.21
197.757 34.4586 139.965
206.258 35.86 139.885
214.76 37.2727 139.769
223.262 38.7004 139.675
231.764 40.1453 139.795
288.125 49.2115 140.011
73.3955 15.2063 143.405
129.131 26.7608 140.572
137.634 28.1182 140.748
146.125 29.6313 140.681
154.643 30.9367 141.136
163.114 32.5216 140.997
171.547 34.1878 140.567
180.028 35.6375 140.412
188.513 37.0879 140.213
196.992 38.5893 139.969
205.479 40.0818 139.892
213.969 41.573 139.777
222.46 43.0676 139.679
230.921 44.7371 139.798
236.586 45.7226 139.822
239.413 46.2459 139.839

32
121.779 20.1834 142.317
124.578 20.7468 142.245
130.127 22.1218 141.709
138.599 23.6011 141.875
147.074 25.1293 141.788
155.58 26.4325 142.213
164.043 27.999 142.099
172.474 29.6218 141.685
180.946 31.0601 141.521
189.416 32.517 141.316
197.888 33.9923 141.07
206.378 35.4008 140.987
214.871 36.8122 140.863
223.365 38.2304 140.757
231.858 39.6565 140.885
288.177 48.4968 140.983
73.7549 14.4103 144.391
129.394 26.108 141.717
137.87 27.5469 141.877
146.345 29.0857 141.793
154.847 30.4238 142.214
163.3 32.0458 142.106
171.724 33.7027 141.684
180.19 35.1823 141.521
188.659 36.6548 141.317
197.125 38.1676 141.071
205.601 39.6646 140.989
214.08 41.1639 140.868
222.56 42.6632 140.765
231.019 44.2832 140.882
236.678 45.2581 140.898
239.502 45.772 140.913

32
122.019 19.5543 143.42
124.816 20.1271 143.351
130.357 21.525 142.871
138.818 23.0217 142.993
147.274 24.589 142.901
155.763 25.9399 143.302
164.215 27.5036 143.202
172.642 29.1038 142.795
181.1 30.5664 142.624
189.556 32.0555 142.421
198.015 33.545 142.174
206.495 34.9587 142.085
214.975 36.3778 141.956
223.459 37.8033 141.847
231.955 39.1569 141.959
288.189 48.0976 142.078
74.0914 13.6834 145.397
129.647 25.4952 142.867
138.102 26.9902 142.998
146.558 28.5625 142.906
155.04 29.95 143.303
163.482 31.568 143.202
171.896 33.2358 142.801
180.345 34.7444 142.63
188.801 36.24 142.421
197.254 37.7632 142.173
205.72 39.2578 142.083
214.188 40.7588 141.956
222.658 42.2642 141.847
231.115 43.8466 141.964
236.771 44.8051 141.969
239.594 45.3105 141.981

32
122.251 18.961 144.524
125.044 19.5417 144.458
130.583 20.9247 144.012
139.023 22.4784 144.114
147.463 24.0834 144.018
155.939 25.4568 144.384
164.384 27.0136 144.295
172.8 28.6309 143.914
181.245 30.1139 143.735
189.691 31.6066 143.521
198.139 33.1071 143.273
206.605 34.5373 143.183
215.073 35.9758 143.053
223.547 37.3987 142.936
232.043 38.6897 143.037
288.215 47.5766 143.096
74.427 12.9769 146.387
129.89 24.9071 144.017
138.324 26.451 144.12
146.761 28.056 144.016
155.227 29.4866 144.386
163.659 31.1017 144.298
172.061 32.7854 143.916
180.496 34.3225 143.739
188.936 35.8445 143.527
197.377 37.385 143.279
205.831 38.8893 143.186
214.287 40.3962 143.052
222.747 41.9011 142.937
231.206 43.4184 143.044
236.855 44.3796 143.044
239.676 44.8755 143.054

32
122.487 18.4322 145.643
125.275 19.0168 145.577
130.816 20.3662 145.156
139.234 21.9802 145.239
147.662 23.5927 145.126
156.121 25.004 145.467
164.552 26.5676 145.397
172.958 28.1738 145.026
181.387 29.6861 144.844
189.818 31.205 144.63
198.255 32.7078 144.379
206.713 34.1324 144.278
215.172 35.5687 144.14
223.634 37.0016 144.02
232.122 38.2867 144.128
288.251 46.9909 144.089
74.7633 12.3283 147.388
130.141 24.3359 145.158
138.555 25.9272 145.234
146.972 27.5788 145.128
155.42 29.0428 145.469
163.837 30.6701 145.399
172.227 32.352 145.032
180.645 33.9141 144.847
189.069 35.4597 144.632
197.498 37.0126 144.382
205.941 38.5232 144.283
214.385 40.0377 144.144
222.835 41.5443 144.024
231.293 43.015 144.127
236.937 43.9698 144.118
239.757 44.4577 144.126

32
122.719 17.8915 146.738
125.505 18.486 146.677
131.038 19.8513 146.305
139.439 21.5036 146.361
147.854 23.128 146.235
156.3 24.564 146.545
164.72 26.1297 146.49
173.113 27.7628 146.148
181.529 29.2874 145.954
189.947 30.8181 145.734
198.372 32.3262 145.482
206.818 33.7557 145.377
215.265 35.1972 145.233
223.716 36.6322 145.108
232.201 37.8748 145.207
288.254 46.5527 145.134
75.1009 11.6716 148.369
130.383 23.8064 146.307
138.775 25.4598 146.364
147.177 27.1229 146.24
155.609 28.6159 146.552
164.014 30.247 146.497
172.394 31.9316 146.146
180.796 33.5149 145.952
189.206 35.0835 145.734
197.62 36.6451 145.482
206.05 38.1631 145.378
214.482 39.6884 145.235
222.921 41.1981 145.109
231.377 42.6187 145.206
237.014 43.5704 145.19
239.831 44.0501 145.195

32
122.939 17.4105 147.851
125.723 18.0092 147.79
131.253 19.3708 147.457
139.642 21.0414 147.478
148.039 22.6988 147.348
156.467 24.1802 147.636
164.878 25.7398 147.594
173.267 27.344 147.257
181.668 28.898 147.061
190.071 30.4517 146.84
198.483 31.9728 146.587
206.918 33.4055 146.476
215.353 34.8476 146.326
223.795 36.2771 146.192
232.274 37.4881 146.29
288.265 46.0921 146.154
75.4153 11.0691 149.368
130.618 23.2951 147.454
138.992 24.9924 147.484
147.376 26.6778 147.351
155.793 28.1997 147.635
164.187 29.8302 147.591
172.556 31.5242 147.258
180.941 33.1429 147.062
189.336 34.7351 146.84
197.737 36.3105 146.588
206.155 37.8293 146.477
214.575 39.3568 146.328
223.002 40.8748 146.197
231.454 42.2534 146.291
237.086 43.1944 146.265
239.902 43.6661 146.267

32
123.155 16.9487 148.958
125.935 17.5526 148.899
131.47 18.8731 148.588
139.835 20.6202 148.601
148.219 22.2962 148.461
156.634 23.7946 148.717
165.035 25.3534 148.69
173.414 26.966 148.375
181.802 28.5265 148.168
190.192 30.0938 147.942
198.592 31.6238 147.688
207.016 33.065 147.573
215.438 34.5215 147.42
223.868 35.9617 147.284
232.346 37.103 147.366
288.268 45.6725 147.186
75.7269 10.4989 150.364
130.849 22.7999 148.601
139.205 24.5339 148.602
147.575 26.2385 148.458
155.974 27.7949 148.717
164.355 29.4459 148.693
172.711 31.1541 148.378
181.082 32.788 148.172
189.462 34.3979 147.945
197.85 35.982 147.691
206.258 37.5038 147.575
214.667 39.0355 147.42
223.082 40.5555 147.284
231.53 41.894 147.372
237.154 42.8367 147.34
239.967 43.3026 147.34

32
123.367 16.5075 150.064
126.144 17.1174 150.008
131.669 18.4667 149.746
140.026 20.2092 149.718
148.396 21.9058 149.572
156.796 23.4322 149.802
165.187 24.9892 149.787
173.557 26.5937 149.486
181.932 28.1771 149.275
190.309 29.7596 149.046
198.697 31.2994 148.792
207.109 32.7417 148.67
215.521 34.2022 148.511
223.939 35.6416 148.368
232.408 36.7727 148.453
288.283 45.1997 148.189
76.031 9.951 151.366
131.076 22.3141 149.744
139.413 24.0945 149.722
147.765 25.838 149.574
156.15 27.4141 149.803
164.519 29.0658 149.791
172.864 30.783 149.493
181.221 32.4397 149.28
189.586 34.0656 149.049
197.962 35.6613 148.794
206.358 37.1876 148.672
214.755 38.7243 148.513
223.159 40.2405 148.369
231.603 41.5413 148.453
237.221 42.4829 148.413
240.032 42.9428 148.411

32
123.57 16.0853 151.168
126.345 16.7026 151.115
131.865 18.0576 150.891
140.205 19.8426 150.844
148.568 21.5219 150.676
156.957 23.0543 150.875
165.333 24.6466 150.885
173.692 26.2681 150.606
182.055 27.8595 150.385
190.421 29.4484 150.15
198.801 30.9826 149.892
207.202 32.4313 149.766
215.6 33.8955 149.602
224.007 35.3402 149.455
232.47 36.4394 149.534
288.269 44.8644 149.229
76.3366 9.36548 152.348
131.293 21.8555 150.893
139.614 23.6731 150.845
147.951 25.4381 150.684
156.322 27.0329 150.886
164.68 28.6923 150.889
173.014 30.4173 150.606
181.356 32.0968 150.387
189.708 33.7433 150.153
198.072 35.3485 149.897
206.456 36.881 149.77
214.84 38.424 149.606
223.233 39.9457 149.458
231.673 41.2027 149.535
237.285 42.1381 149.486
240.093 42.5903 149.481

32
123.786 15.7056 152.275
126.557 16.326 152.223
132.072 17.6751 152.036
140.397 19.4737 151.959
148.74 21.1981 151.792
157.114 22.7583 151.966
165.482 24.328 151.982
173.83 25.9491 151.718
182.178 27.5595 151.493
190.53 29.1654 151.256
198.896 30.7104 150.999
207.286 32.1549 150.866
215.675 33.6152 150.694
224.074 35.0481 150.538
232.53 36.117 150.612
288.253 44.5399 150.265
76.6601 8.8198 153.338
131.523 21.4047 152.037
139.823 23.2591 151.964
148.143 25.0473 151.794
156.502 26.6512 151.965
164.846 28.3241 151.984
173.165 30.0707 151.723
181.492 31.7679 151.496
189.829 33.4302 151.258
198.179 35.0445 151
206.551 36.5795 150.868
214.924 38.1265 150.698
223.307 39.6499 150.544
231.742 40.8712 150.617
237.347 41.8057 150.561
240.153 42.2524 150.554

32
123.998 15.3441 153.38
126.765 15.9696 153.331
132.282 17.2893 153.171
140.585 19.1514 153.081
148.915 20.885 152.901
157.277 22.4548 153.046
165.633 24.0355 153.08
173.968 25.6657 152.835
182.304 27.2786 152.601
190.642 28.8891 152.359
198.996 30.4372 152.1
207.373 31.8857 151.962
215.748 33.3554 151.787
224.133 34.8024 151.629
232.584 35.8336 151.696
288.25 44.1117 151.268
76.9767 8.28111 154.327
131.751 20.9636 153.18
140.035 22.8505 153.082
148.338 24.669 152.902
156.682 26.292 153.049
165.014 27.9726 153.083
173.321 29.7254 152.836
181.633 31.4416 152.604
189.954 33.1204 152.362
198.291 34.7434 152.103
206.65 36.2815 151.965
215.009 37.8321 151.789
223.38 39.3571 151.63
231.81 40.5415 151.699
237.408 41.473 151.635
240.211 41.9135 151.625

32
124.205 14.9945 154.481
126.969 15.627 154.435
132.475 16.9827 154.323
140.771 18.8382 154.199
149.086 20.594 154.011
157.432 22.1803 154.129
165.778 23.7549 154.175
174.107 25.3734 153.943
182.426 27.0164 153.707
190.751 28.6382 153.463
199.093 30.1898 153.203
207.458 31.6412 153.06
215.821 33.1164 152.879
224.195 34.5612 152.715
232.638 35.5616 152.777
288.233 43.7968 152.299
77.2854 7.75932 155.32
131.976 20.5285 154.321
140.242 22.458 154.201
148.528 24.3031 154.013
156.86 25.9344 154.13
165.179 27.6227 154.179
173.474 29.3866 153.95
181.772 31.1178 153.71
190.079 32.8146 153.465
198.401 34.4503 153.206
206.748 35.9887 153.062
215.096 37.5426 152.882
223.455 39.0679 152.717
231.879 40.2131 152.78
237.47 41.1408 152.708
240.27 41.5747 152.695

32
124.408 14.6816 155.587
127.17 15.3172 155.543
132.67 16.675 155.466
140.952 18.5438 155.316
149.255 20.3019 155.116
157.589 21.9018 155.206
165.918 23.5108 155.273
174.233 25.1505 155.063
182.544 26.7757 154.814
190.857 28.4036 154.566
199.185 29.9585 154.304
207.539 31.4097 154.156
215.891 32.8841 153.969
224.253 34.3312 153.799
232.687 35.318 153.861
288.214 43.4931 153.321
77.5989 7.22143 156.302
132.195 20.1176 155.467
140.446 22.0731 155.32
148.715 23.9416 155.122
157.036 25.5805 155.21
165.342 27.276 155.275
173.625 29.0536 155.065
181.908 30.7994 154.818
190.2 32.5154 154.57
198.509 34.1584 154.308
206.845 35.6981 154.16
215.181 37.2547 153.973
223.528 38.7808 153.803
231.946 39.8896 153.861
237.53 40.8123 153.781
240.328 41.2397 153.766

32
124.606 14.3923 156.694
127.366 15.0327 156.651
132.862 16.3817 156.606
141.13 18.2811 156.435
149.414 20.0715 156.229
157.737 21.6783 156.291
166.056 23.2832 156.369
174.359 24.9292 156.176
182.656 26.5752 155.924
190.957 28.2078 155.671
199.274 29.7656 155.409
207.616 31.2142 155.254
215.955 32.6874 155.062
224.307 34.1304 154.886
232.739 35.0458 154.934
288.181 43.2774 154.359
77.8975 6.72658 157.296
132.411 19.7156 156.609
140.648 21.6957 156.437
148.901 23.5875 156.229
157.208 25.2421 156.293
165.503 26.9419 156.372
173.774 28.7234 156.178
182.044 30.4875 155.925
190.322 32.2169 155.673
198.619 33.8687 155.411
206.942 35.4094 155.256
215.265 36.9682 155.065
223.601 38.4949 154.889
232.013 39.5674 154.942
237.59 40.4865 154.854
240.384 40.9076 154.836

32
124.801 14.0913 157.79
127.557 14.7436 157.751
133.04 16.143 157.755
141.299 18.0557 157.556
149.573 19.8491 157.338
157.882 21.4718 157.374
166.187 23.0945 157.469
174.48 24.7421 157.292
182.765 26.387 157.031
191.053 28.0232 156.774
199.36 29.578 156.51
207.69 31.0272 156.35
216.017 32.5091 156.154
224.357 33.9536 155.973
232.776 34.8759 156.022
288.169 42.9423 155.369
78.1918 6.24299 158.285
132.622 19.325 157.751
140.844 21.3349 157.556
149.083 23.2493 157.339
157.378 24.9095 157.375
165.661 26.6133 157.469
173.922 28.4008 157.292
182.178 30.1768 157.031
190.442 31.9183 156.775
198.725 33.5803 156.512
207.038 35.1219 156.353
215.349 36.6835 156.156
223.673 38.2123 155.975
232.079 39.2474 156.023
237.649 40.1629 155.927
240.441 40.5778 155.906

32
125.001 13.8859 158.901
127.754 14.5382 158.863
133.238 15.9023 158.893
141.475 17.8504 158.675
149.731 19.6577 158.448
158.027 21.2849 158.455
166.321 22.9003 158.563
174.602 24.5572 158.404
182.873 26.2191 158.138
191.147 27.8679 157.879
199.44 29.4295 157.614
207.759 30.8794 157.449
216.074 32.3585 157.247
224.402 33.8039 157.061
232.813 34.6971 157.103
288.134 42.6912 156.393
78.5021 5.77331 159.267
132.838 18.9651 158.894
141.045 20.9941 158.674
149.266 22.924 158.448
157.55 24.5784 158.453
165.822 26.2826 158.561
174.07 28.0839 158.403
182.311 29.8783 158.138
190.56 31.6374 157.88
198.831 33.3022 157.615
207.131 34.8443 157.45
215.43 36.4061 157.248
223.743 37.9333 157.061
232.141 38.936 157.104
237.704 39.847 157
240.492 40.256 156.976

32
125.203 13.6693 160.001
127.952 14.3248 159.966
133.425 15.7081 160.037
141.654 17.6472 159.789
149.897 19.472 159.555
158.177 21.1202 159.535
166.455 22.7574 159.661
174.724 24.4137 159.519
182.982 26.0758 159.245
191.242 27.7268 158.982
199.522 29.29 158.716
207.828 30.7383 158.545
216.131 32.2161 158.338
224.447 33.6584 158.146
232.849 34.5344 158.184
288.088 42.5532 157.429
78.8066 5.36833 160.258
133.053 18.6252 160.037
141.248 20.6602 159.789
149.455 22.6091 159.553
157.725 24.2782 159.534
165.983 25.9961 159.661
174.218 27.7987 159.519
182.445 29.597 159.246
190.679 31.3643 158.983
198.937 33.0331 158.717
207.225 34.573 158.547
215.511 36.1351 158.339
223.812 37.6595 158.146
232.204 38.6337 158.184
237.759 39.5405 158.073
240.545 39.9442 158.047

32
125.399 13.4823 161.102
128.146 14.144 161.07
133.611 15.5392 161.179
141.826 17.4992 160.909
150.052 19.3351 160.665
158.323 20.9673 160.615
166.588 22.6194 160.755
174.844 24.2902 160.632
183.088 25.9593 160.352
191.333 27.6242 160.087
199.601 29.1885 159.819
207.895 30.6353 159.643
216.185 32.1141 159.431
224.488 33.5573 159.233
232.882 34.3987 159.265
288.058 42.2893 158.442
79.1001 4.97632 161.244
133.266 18.2961 161.176
141.445 20.3604 160.908
149.633 22.3347 160.665
157.895 23.9914 160.617
166.142 25.7115 160.756
174.365 27.5202 160.632
182.579 29.3249 160.352
190.8 31.0981 160.086
199.044 32.7706 159.818
207.321 34.3083 159.642
215.594 35.8743 159.43
223.882 37.4004 159.233
232.265 38.339 159.264
237.814 39.24 159.144
240.596 39.6373 159.115

32
125.59 13.3435 162.206
128.334 14.0078 162.176
133.79 15.4158 162.323
141.995 17.3713 162.027
150.207 19.2161 161.774
158.461 20.8741 161.698
166.713 22.5329 161.854
174.957 24.2064 161.747
183.19 25.8741 161.46
191.424 27.5313 161.19
199.677 29.1024 160.922
207.957 30.5505 160.741
216.234 32.0317 160.523
224.525 33.4722 160.32
232.909 34.2953 160.347
288.008 42.1648 159.471
79.3892 4.62869 162.232
133.471 18.003 162.319
141.639 20.0774 162.026
149.812 22.0629 161.774
158.064 23.7111 161.695
166.297 25.4368 161.851
174.51 27.2457 161.744
182.71 29.0625 161.458
190.917 30.8485 161.189
199.148 32.5262 160.921
207.411 34.0637 160.74
215.671 35.6294 160.523
223.947 37.1535 160.32
232.322 38.068 160.347
237.862 38.9676 160.219
240.641 39.3608 160.188

32
125.778 13.2349 163.31
128.519 13.9016 163.282
133.965 15.3204 163.466
142.158 17.283 163.146
150.363 19.0984 162.88
158.6 20.7774 162.779
166.837 22.4457 162.949
175.068 24.126 162.86
183.287 25.8085 162.567
191.506 27.4797 162.294
199.748 29.0445 162.025
208.016 30.4927 161.838
216.28 31.9738 161.615
224.56 33.414 161.407
232.932 34.2262 161.43
287.953 42.0587 160.497
79.67 4.32801 163.223
133.671 17.7405 163.463
141.829 19.8117 163.143
149.994 21.7782 162.874
158.228 23.4528 162.776
166.448 25.1848 162.947
174.649 26.9999 162.858
182.837 28.8217 162.565
191.03 30.6114 162.292
199.249 32.2891 162.023
207.5 33.8265 161.837
215.747 35.3919 161.614
224.013 36.9144 161.406
232.377 37.8043 161.428
237.91 38.7017 161.292
240.684 39.0906 161.259

32
125.964 13.1384 164.412
128.702 13.8063 164.386
134.142 15.2265 164.607
142.325 17.1822 164.261
150.507 19.044 163.991
158.733 20.7154 163.86
166.957 22.3947 164.046
175.176 24.0793 163.974
183.382 25.7643 163.674
191.588 27.4354 163.398
199.818 29.0005 163.127
208.074 30.4404 162.935
216.326 31.9185 162.707
224.593 33.3607 162.493
232.958 34.1347 162.51
287.905 41.9739 161.521
79.9449 4.05309 164.211
133.87 17.4924 164.603
142.019 19.5597 164.256
150.159 21.5822 163.99
158.389 23.2188 163.858
166.596 24.9577 164.043
174.786 26.774 163.972
182.962 28.596 163.672
191.142 30.3847 163.394
199.349 32.0596 163.124
207.589 33.5917 162.931
215.824 35.1532 162.702
224.077 36.676 162.489
232.433 37.5386 162.505
237.959 38.4357 162.361
240.731 38.8203 162.325

32
126.145 13.0881 165.51
128.88 13.7601 165.488
134.309 15.1969 165.743
142.477 17.1643 165.383
150.651 19.0014 165.099
158.868 20.6551 164.94
167.076 22.3499 165.142
175.282 24.0418 165.088
183.478 25.7188 164.782
191.667 27.4152 164.501
199.882 28.993 164.23
208.124 30.4425 164.033
216.363 31.9277 163.8
224.618 33.3654 163.58
232.971 34.1372 163.593
287.843 41.9201 162.547
80.2218 3.79224 165.191
134.061 17.2893 165.74
142.195 19.3742 165.381
150.327 21.3799 165.098
158.548 22.9955 164.937
166.741 24.7433 165.138
174.918 26.5629 165.084
183.084 28.3828 164.777
191.249 30.1858 164.498
199.444 31.8667 164.228
207.67 33.4017 164.031
215.892 34.9685 163.798
224.133 36.4885 163.578
232.479 37.3376 163.59
237.996 38.2292 163.438
240.764 38.6107 163.4

32
126.318 13.0703 166.596
129.05 13.7427 166.578
134.47 15.1865 166.86
142.63 17.1488 166.5
150.794 18.9701 166.21
158.993 20.6493 166.023
167.187 22.3605 166.239
175.38 24.065 166.202
183.56 25.7617 165.889
191.739 27.4448 165.605
199.942 29.0159 165.333
208.172 30.4618 165.13
216.398 31.9443 164.892
224.641 33.3811 164.667
232.982 34.1441 164.674
287.779 41.8971 163.572
80.476 3.61567 166.17
134.244 17.1156 166.856
142.371 19.1928 166.499
150.492 21.1829 166.206
158.699 22.8095 166.02
166.88 24.5634 166.236
175.047 26.3855 166.199
183.198 28.2156 165.887
191.353 30.0131 165.603
199.535 31.6892 165.33
207.749 33.2215 165.128
215.96 34.7865 164.889
224.188 36.3043 164.665
232.523 37.1416 164.672
238.032 38.0303 164.512
240.796 38.4093 164.471

32
126.485 13.0707 167.655
129.215 13.741 167.643
134.624 15.1987 167.943
142.786 17.117 167.603
150.928 18.9842 167.318
159.114 20.6694 167.106
167.294 22.3907 167.335
175.475 24.1021 167.316
183.643 25.7978 166.996
191.808 27.4867 166.709
199.999 29.0545 166.435
208.217 30.4978 166.228
216.43 31.9776 165.984
224.662 33.4091 165.754
232.992 34.1648 165.756
287.713 41.8964 164.6
80.7178 3.48383 167.124
134.418 16.973 167.939
142.55 18.9923 167.595
150.649 21.0291 167.315
158.847 22.6481 167.105
167.015 24.4057 167.333
175.171 26.2273 167.313
183.311 28.0533 166.994
191.454 29.8518 166.707
199.624 31.5225 166.432
207.827 33.0515 166.224
216.024 34.6135 165.98
224.242 36.1268 165.749
232.565 36.9548 165.752
238.067 37.8387 165.583
240.827 38.2152 165.54

32
126.642 13.123 168.676
129.369 13.7954 168.672
134.773 15.25 168.98
142.918 17.1976 168.673
151.06 19.0189 168.409
159.236 20.6897 168.189
167.4 22.4319 168.425
175.566 24.1526 168.423
183.723 25.8447 168.098
191.877 27.5304 167.807
200.054 29.109 167.532
208.258 30.5567 167.319
216.457 32.0437 167.07
224.675 33.4809 166.835
232.995 34.2243 166.833
287.638 41.9793 165.624
80.9505 3.39169 168.046
134.586 16.8663 168.976
142.703 18.9143 168.672
150.804 20.9006 168.407
158.995 22.4865 168.186
167.148 24.2599 168.422
175.291 26.0827 168.42
183.421 27.9031 168.093
191.553 29.6941 167.802
199.711 31.371 167.528
207.9 32.9029 167.315
216.084 34.4686 167.066
224.288 35.9843 166.831
232.602 36.8003 166.827
238.094 37.6909 166.652
240.85 38.0669 166.606

32
126.786 13.21 169.648
129.511 13.8791 169.652
134.905 15.3467 169.962
143.05 17.2623 169.699
151.187 19.0601 169.467
159.352 20.7361 169.262
167.502 22.4886 169.497
175.657 24.2171 169.511
183.798 25.9296 169.179
191.936 27.632 168.885
200.101 29.2061 168.61
208.293 30.655 168.392
216.48 32.1405 168.139
224.686 33.5734 167.899
232.993 34.3192 167.893
287.564 42.0651 166.637
81.1613 3.3688 168.93
134.736 16.8171 169.961
142.854 18.8234 169.697
150.951 20.784 169.462
159.135 22.3554 169.257
167.276 24.1344 169.491
175.41 25.9547 169.505
183.525 27.7874 169.175
191.643 29.5916 168.882
199.789 31.2612 168.607
207.966 32.7931 168.389
216.139 34.3575 168.136
224.331 35.8698 167.895
232.632 36.6881 167.888
238.116 37.5778 167.706
240.868 37.9538 167.657

32
126.925 13.2796 170.566
129.647 13.9516 170.578
135.036 15.4198 170.883
143.173 17.347 170.669
151.299 19.1689 170.472
159.456 20.8383 170.302
167.593 22.6039 170.529
175.734 24.3432 170.556
183.865 26.0446 170.223
191.991 27.74 169.928
200.145 29.3104 169.654
208.325 30.7595 169.433
216.5 32.2467 169.176
224.694 33.6835 168.931
232.989 34.4346 168.921
287.485 42.198 167.626
81.3674 3.31 169.763
134.882 16.754 170.879
142.997 18.7563 170.666
151.084 20.7347 170.471
159.265 22.2798 170.3
167.392 24.0669 170.527
175.514 25.8891 170.554
183.621 27.7077 170.22
191.728 29.5019 169.925
199.864 31.1649 169.65
208.03 32.6952 169.428
216.19 34.2596 169.171
224.371 35.7726 168.927
232.659 36.5949 168.917
238.135 37.4826 168.727
240.883 37.8588 168.676

32
127.039 13.4156 171.415
129.759 14.083 171.437
135.144 15.5417 171.735
143.277 17.4572 171.573
151.403 19.2607 171.419
159.554 20.9328 171.297
167.679 22.7144 171.51
175.807 24.4636 171.548
183.928 26.1629 171.214
192.042 27.8622 170.919
200.183 29.4401 170.646
208.35 30.8939 170.422
216.513 32.385 170.162
224.695 33.823 169.915
232.978 34.5809 169.903
287.406 42.3841 168.573
81.5306 3.39673 170.546
135.005 16.7455 171.734
143.117 18.7333 171.573
151.207 20.6823 171.417
159.386 22.2036 171.293
167.502 24.0047 171.507
175.613 25.8292 171.545
183.711 27.6391 171.211
191.807 29.4317 170.915
199.932 31.0991 170.642
208.085 32.6315 170.419
216.234 34.1988 170.16
224.402 35.7112 169.913
232.679 36.5366 169.9
238.147 37.4303 169.705
240.891 37.8082 169.653

32
127.151 13.5148 172.202
129.868 14.1799 172.233
135.248 15.6344 172.519
143.377 17.5353 172.41
151.493 19.354 172.296
159.63 21.0582 172.228
167.746 22.8426 172.425
175.865 24.5948 172.47
183.974 26.3074 172.138
192.079 28.0086 171.844
200.212 29.5831 171.573
208.37 31.0353 171.35
216.523 32.5241 171.09
224.695 33.958 170.843
232.968 34.7225 170.83
287.334 42.5407 169.485
81.6932 3.42935 171.27
135.121 16.7245 172.515
143.233 18.6808 172.405
151.314 20.6422 172.294
159.483 22.1742 172.227
167.591 23.9771 172.424
175.694 25.7969 172.468
183.782 27.6138 172.137
191.871 29.4025 171.843
199.987 31.0619 171.573
208.132 32.5902 171.348
216.272 34.1532 171.088
224.431 35.6609 170.84
232.697 36.4926 170.826
238.157 37.3874 170.626
240.898 37.7662 170.573

32
127.236 13.6541 172.914
129.951 14.3182 172.952
135.327 15.7735 173.223
143.451 17.6753 173.165
151.57 19.4682 173.096
159.703 21.1657 173.089
167.808 22.9634 173.265
175.917 24.7241 173.312
184.019 26.4335 172.988
192.116 28.1333 172.698
200.241 29.7002 172.433
208.388 31.1616 172.21
216.532 32.6577 171.95
224.693 34.1005 171.702
232.954 34.8827 171.689
287.252 42.8031 170.322
81.8242 3.4846 171.937
135.212 16.7619 173.223
143.321 18.7113 173.166
151.407 20.6344 173.094
159.576 22.1378 173.087
167.673 23.9536 173.264
175.768 25.7758 173.311
183.85 27.5828 172.986
191.931 29.3648 172.695
200.041 31.0139 172.429
208.176 32.5455 172.206
216.307 34.1121 171.947
224.456 35.6247 171.699
232.711 36.4671 171.686
238.162 37.3749 171.482
240.899 37.7579 171.429

32
127.318 13.76 173.559
130.031 14.424 173.604
135.402 15.8839 173.858
143.523 17.7779 173.849
151.638 19.5772 173.816
159.763 21.2843 173.869
167.863 23.0779 174.024
175.963 24.8392 174.072
184.055 26.5622 173.756
192.143 28.2725 173.469
200.258 29.8549 173.208
208.397 31.3171 172.987
216.533 32.8117 172.731
224.686 34.2522 172.486
232.938 35.0429 172.475
287.185 42.9981 171.114
81.9507 3.50667 172.546
135.297 16.7825 173.857
143.407 18.7074 173.847
151.489 20.6318 173.814
159.654 22.1264 173.867
167.746 23.936 174.022
175.834 25.752 174.069
183.907 27.5675 173.754
191.98 29.3559 173.468
200.081 31.0152 173.208
208.208 32.5484 172.987
216.331 34.1117 172.73
224.473 35.6204 172.484
232.719 36.4728 172.473
238.164 37.3799 172.267
240.898 37.7642 172.214

32
127.385 13.8922 174.128
130.095 14.5538 174.178
135.467 15.9997 174.419
143.583 17.8963 174.451
151.695 19.6909 174.454
159.815 21.4027 174.564
167.908 23.2037 174.696
175.999 24.974 174.739
184.086 26.6878 174.438
192.168 28.3947 174.158
200.276 29.9759 173.905
208.408 31.4412 173.69
216.534 32.9495 173.436
224.678 34.3995 173.193
232.921 35.1995 173.185
287.119 43.216 171.833
82.0449 3.6158 173.091
135.371 16.8184 174.419
143.476 18.7422 174.451
151.559 20.651 174.453
159.721 22.1341 174.562
167.806 23.9528 174.695
175.885 25.777 174.739
183.956 27.5709 174.436
192.024 29.348 174.156
200.12 30.9993 173.903
208.241 32.531 173.687
216.354 34.1043 173.434
224.487 35.6211 173.192
232.723 36.4873 173.184
238.164 37.3939 172.977
240.895 37.7807 172.924

32
127.446 13.9934 174.633
130.155 14.6536 174.688
135.526 16.0885 174.914
143.637 17.9874 174.982
151.747 19.7858 175.014
159.857 21.523 175.172
167.946 23.3239 175.284
176.03 25.0934 175.32
184.11 26.8155 175.033
192.185 28.5257 174.76
200.287 30.1102 174.515
208.412 31.5825 174.304
216.532 33.0875 174.057
224.669 34.5391 173.82
232.905 35.3525 173.817
287.061 43.4149 172.488
82.1326 3.6771 173.581
135.437 16.8361 174.912
143.54 18.7562 174.981
151.621 20.6621 175.013
159.776 22.1639 175.172
167.856 23.9826 175.284
175.929 25.8025 175.32
183.994 27.5987 175.033
192.057 29.3738 174.76
200.148 31.023 174.515
208.262 32.5581 174.305
216.371 34.1242 174.057
224.497 35.6371 173.82
232.726 36.5154 173.816
238.162 37.4244 173.61
240.89 37.8133 173.558

32
127.497 14.1049 175.069
130.204 14.7629 175.128
135.573 16.1956 175.339
143.682 18.0849 175.439
151.79 19.8794 175.496
159.895 21.623 175.698
167.979 23.4249 175.79
176.058 25.1951 175.817
184.131 26.9224 175.547
192.202 28.6348 175.283
200.299 30.2191 175.047
208.418 31.6916 174.844
216.532 33.2023 174.603
224.662 34.6595 174.371
232.89 35.489 174.373
287.002 43.6508 173.062
82.2065 3.77376 174.007
135.491 16.8847 175.339
143.593 18.7874 175.439
151.674 20.6824 175.496
159.825 22.1832 175.698
167.9 24.0037 175.79
175.968 25.8209 175.817
184.028 27.6167 175.547
192.087 29.3895 175.283
200.174 31.034 175.046
208.283 32.5648 174.843
216.387 34.1329 174.601
224.507 35.6476 174.37
232.728 36.5376 174.372
238.159 37.4559 174.167
240.886 37.8484 174.117

32
127.541 14.2023 175.445
130.246 14.8583 175.507
135.615 16.2824 175.706
143.721 18.1695 175.831
151.826 19.9653 175.907
159.927 21.7111 176.145
168.007 23.5105 176.219
176.081 25.279 176.236
184.149 27.0145 175.983
192.215 28.7315 175.728
200.306 30.3229 175.5
208.42 31.8033 175.304
216.529 33.316 175.07
224.654 34.7745 174.845
232.876 35.6152 174.854
286.954 43.8273 173.581
82.268 3.86669 174.38
135.539 16.9194 175.706
143.639 18.8151 175.831
151.719 20.7052 175.907
159.866 22.2029 176.145
167.938 24.021 176.219
176.002 25.8336 176.236
184.058 27.6326 175.983
192.113 29.4055 175.728
200.194 31.0531 175.5
208.298 32.5892 175.304
216.397 34.1566 175.07
224.513 35.6705 174.845
232.729 36.5705 174.853
238.156 37.4917 174.651
240.88 37.8862 174.602

32
127.579 14.2813 175.767
130.283 14.9352 175.831
135.651 16.3537 176.02
143.754 18.2363 176.163
151.859 20.0276 176.255
159.954 21.7788 176.52
168.031 23.5788 176.579
176.101 25.3494 176.584
184.166 27.0831 176.35
192.227 28.8069 176.103
200.314 30.404 175.884
208.422 31.8914 175.695
216.526 33.4118 175.468
224.646 34.8783 175.249
232.863 35.7327 175.264
286.906 44.016 174.024
82.3203 3.948 174.703
135.58 16.9484 176.019
143.677 18.8366 176.162
151.756 20.7239 176.252
159.903 22.2056 176.52
167.971 24.0277 176.579
176.03 25.8451 176.583
184.084 27.635 176.348
192.134 29.4143 176.101
200.212 31.0655 175.883
208.312 32.605 175.694
216.406 34.1766 175.467
224.517 35.6938 175.249
232.728 36.606 175.264
238.15 37.5338 175.065
240.873 37.9316 175.018

32
127.609 14.3574 176.036
130.312 15.0107 176.101
135.679 16.4251 176.281
143.779 18.3074 176.438
151.88 20.1066 176.54
159.974 21.8511 176.827
168.049 23.6506 176.872
176.115 25.4215 176.865
184.175 27.163 176.647
192.234 28.885 176.41
200.318 30.4818 176.202
208.423 31.97 176.022
216.524 33.4903 175.803
224.642 34.9538 175.593
232.853 35.8232 175.614
286.867 44.1667 174.414
82.3676 3.99149 174.982
135.613 16.9742 176.281
143.709 18.8583 176.438
151.788 20.7343 176.54
159.926 22.2483 176.827
167.992 24.0679 176.872
176.049 25.8786 176.865
184.101 27.6663 176.647
192.151 29.4333 176.41
200.226 31.0788 176.201
208.323 32.6175 176.02
216.414 34.191 175.801
224.521 35.7144 175.589
232.726 36.6404 175.611
238.146 37.5725 175.415
240.866 37.9735 175.37

32
127.634 14.4196 176.262
130.336 15.0719 176.327
135.703 16.4818 176.5
143.8 18.3629 176.667
151.899 20.166 176.775
159.991 21.9064 177.077
168.064 23.7056 177.11
176.127 25.4758 177.092
184.184 27.223 176.89
192.239 28.9505 176.662
200.32 30.5528 176.461
208.423 32.0472 176.288
216.52 33.5736 176.076
224.633 35.0457 175.872
232.841 35.9202 175.901
286.834 44.3034 174.745
82.4061 4.03268 175.218
135.64 16.9953 176.5
143.735 18.8754 176.667
151.814 20.7436 176.775
159.946 22.2753 177.077
168.011 24.0931 177.11
176.066 25.8995 177.092
184.115 27.6863 176.89
192.163 29.4518 176.662
200.237 31.0945 176.461
208.332 32.6312 176.288
216.421 34.2007 176.076
224.526 35.7186 175.872
232.728 36.6463 175.901
238.145 37.5836 175.708
240.865 37.9855 175.666

32
127.655 14.4708 176.448
130.356 15.1222 176.514
135.722 16.5285 176.68
143.818 18.4082 176.853
151.914 20.2141 176.966
160.005 21.9507 177.277
168.075 23.7495 177.301
176.137 25.5188 177.272
184.191 27.2711 177.085
192.244 29.0021 176.864
200.323 30.6081 176.671
208.422 32.1071 176.506
216.517 33.6376 176.301
224.627 35.1137 176.104
232.831 35.9985 176.139
286.801 44.4536 175.014
82.4378 4.06656 175.416
135.663 17.0127 176.68
143.756 18.8893 176.853
151.835 20.7513 176.966
159.963 22.2968 177.277
168.026 24.1132 177.301
176.079 25.9163 177.272
184.127 27.7022 177.085
192.174 29.4656 176.864
200.246 31.106 176.671
208.339 32.6417 176.506
216.427 34.2093 176.301
224.53 35.7254 176.104
232.729 36.6561 176.139
238.144 37.5934 175.95
240.863 37.9956 175.91

32
127.673 14.5108 176.601
130.373 15.1609 176.667
135.738 16.5632 176.828
143.832 18.4402 177.005
151.927 20.2463 177.121
160.017 21.9814 177.436
168.086 23.7794 177.453
176.146 25.5448 177.415
184.197 27.3028 177.241
192.249 29.0384 177.027
200.325 30.6494 176.84
208.422 32.1558 176.68
216.514 33.6893 176.481
224.622 35.1691 176.291
232.823 36.0615 176.332
286.774 44.5701 175.244
82.464 4.09592 175.58
135.681 17.0308 176.827
143.773 18.9048 177.003
151.851 20.7639 177.118
159.976 22.3149 177.434
168.038 24.1304 177.451
176.089 25.9341 177.411
184.135 27.7196 177.238
192.181 29.4804 177.025
200.252 31.1181 176.839
208.345 32.6496 176.68
216.431 34.2159 176.481
224.533 35.7307 176.291
232.729 36.664 176.332
238.143 37.6022 176.147
240.861 38.0049 176.109

32
127.687 14.5427 176.728
130.387 15.1936 176.792
135.751 16.5978 176.949
143.843 18.4764 177.126
151.935 20.287 177.242
160.024 22.0191 177.556
168.091 23.8177 177.568
176.148 25.5908 177.519
184.199 27.3458 177.359
192.25 29.0778 177.153
200.326 30.6842 176.975
208.424 32.1788 176.826
216.514 33.719 176.632
224.62 35.2032 176.447
232.818 36.1036 176.493
286.752 44.672 175.429
82.4831 4.12936 175.716
135.696 17.0403 176.946
143.787 18.911 177.124
151.865 20.7626 177.24
159.986 22.3286 177.556
168.046 24.1435 177.567
176.097 25.9388 177.519
184.143 27.7235 177.358
192.188 29.4858 177.151
200.258 31.126 176.971
208.347 32.6715 176.819
216.433 34.2367 176.627
224.533 35.7499 176.442
232.727 36.6862 176.489
238.141 37.6238 176.307
240.858 38.0269 176.27

32
127.695 14.5893 176.826
130.394 15.2391 176.89
135.758 16.6393 177.045
143.849 18.5157 177.223
151.938 20.3315 177.339
160.031 22.0384 177.655
168.095 23.8402 177.662
176.152 25.614 177.607
184.201 27.3779 177.455
192.25 29.1169 177.253
200.324 30.7311 177.078
208.418 32.2411 176.928
216.508 33.779 176.741
224.613 35.2636 176.561
232.81 36.1622 176.616
286.742 44.7064 175.616
82.5014 4.1376 175.844
135.71 17.0411 177.052
143.799 18.9098 177.229
151.879 20.7503 177.346
159.991 22.3491 177.656
168.051 24.1602 177.665
176.105 25.9414 177.61
184.149 27.7268 177.459
192.194 29.4903 177.258
200.263 31.127 177.084
208.354 32.6597 176.937
216.439 34.2202 176.748
224.539 35.7324 176.569
232.731 36.6706 176.623
238.142 37.6143 176.445
240.859 38.0186 176.41

32
127.707 14.6331 176.952
130.406 15.2837 177.014
135.77 16.6849 177.163
143.859 18.5625 177.337
151.943 20.3894 177.448
160.04 22.0721 177.759
168.102 23.8757 177.762
176.154 25.6592 177.698
184.202 27.4231 177.558
192.25 29.1618 177.364
200.324 30.7777 177.198
208.418 32.2865 177.059
216.506 33.8278 176.88
224.608 35.3112 176.71
232.802 36.2249 176.768
286.713 44.8687 175.778
82.5272 4.05313 175.96
135.733 16.9833 177.161
143.822 18.8515 177.336
151.903 20.6802 177.447
160.007 22.314 177.761
168.068 24.1174 177.762
176.121 25.8915 177.698
184.164 27.6775 177.559
192.209 29.4344 177.363
200.279 31.0719 177.198
208.369 32.6002 177.057
216.453 34.1647 176.879
224.551 35.6739 176.707
232.743 36.603 176.764
238.154 37.5441 176.589
240.871 37.9465 176.557

32
127.691 14.7583 176.928
130.389 15.4064 176.992
135.752 16.802 177.144
143.841 18.6738 177.319
151.926 20.4983 177.43
160.024 22.1662 177.749
168.086 23.9702 177.75
176.14 25.7473 177.683
184.187 27.5206 177.545
192.234 29.2677 177.349
200.306 30.891 177.181
208.398 32.4096 177.039
216.484 33.9593 176.857
224.585 35.4554 176.682
232.779 36.374 176.741
286.688 45.0589 175.76
82.5404 3.92681 175.961
135.744 16.8703 177.145
143.833 18.7408 177.32
151.915 20.5715 177.43
160.018 22.2149 177.748
168.079 24.0217 177.75
176.132 25.8024 177.683
184.178 27.5788 177.544
192.225 29.3302 177.349
200.295 30.9576 177.181
208.387 32.4808 177.04
216.472 34.0343 176.858
224.573 35.5352 176.684
232.765 36.4613 176.743
238.177 37.3993 176.569
240.894 37.8001 176.537

32
127.692 14.7941 176.966
130.39 15.4419 177.029
135.753 16.8365 177.179
143.842 18.7072 177.353
151.924 20.5344 177.462
160.024 22.1913 177.778
168.085 23.9962 177.778
176.138 25.7751 177.709
184.185 27.5503 177.574
192.231 29.2992 177.381
200.303 30.9246 177.215
208.394 32.4454 177.076
216.479 33.9975 176.897
224.58 35.496 176.726
232.772 36.4195 176.786
286.676 45.1378 175.813
82.5501 3.88673 175.994
135.753 16.8365 177.179
143.842 18.7072 177.353
151.924 20.5344 177.462
160.024 22.1913 177.778
168.085 23.9962 177.778
176.138 25.7751 177.709
184.185 27.5503 177.574
192.231 29.2992 177.381
200.303 30.9246 177.215
208.394 32.4454 177.076
216.479 33.9975 176.897
224.58 35.496 176.726
232.772 36.4195 176.786
238.184 37.3567 176.613
240.9 37.7569 176.581

